0_frame
[('person', 0.9650006890296936, (3575.278564453125, 1429.18505859375, 432.015380859375, 544.7655029296875)), ('person', 0.8703314065933228, (2433.086181640625, 1066.908447265625, 73.65633392333984, 156.69677734375)), ('person', 0.8642358183860779, (2317.48193359375, 1044.295166015625, 53.02027893066406, 135.3126983642578)), ('person', 0.817977249622345, (3194.6279296875, 1157.0013427734375, 123.9466552734375, 123.28046417236328)), ('person', 0.7138663530349731, (2908.643798828125, 1241.85791015625, 201.36508178710938, 200.68748474121094)), ('person', 0.6502596139907837, (1402.58837890625, 1051.578857421875, 78.42249298095703, 160.1218719482422)), ('person', 0.6030088663101196, (234.48028564453125, 1531.1224365234375, 419.2063903808594, 395.4408874511719)), ('person', 0.5269739627838135, (1232.0303955078125, 1071.292236328125, 76.34932708740234, 64.2689208984375)), ('person', 0.5215867161750793, (64.09335327148438, 1174.6859130859375, 117.79646301269531, 130.60462951660156))]

5_frame
[('person', 0.9650006890296936, (3575.278564453125, 1429.18505859375, 432.015380859375, 544.7655029296875)), ('person', 0.8703314065933228, (2433.086181640625, 1066.908447265625, 73.65633392333984, 156.69677734375)), ('person', 0.8642358183860779, (2317.48193359375, 1044.295166015625, 53.02027893066406, 135.3126983642578)), ('person', 0.817977249622345, (3194.6279296875, 1157.0013427734375, 123.9466552734375, 123.28046417236328)), ('person', 0.7138663530349731, (2908.643798828125, 1241.85791015625, 201.36508178710938, 200.68748474121094)), ('person', 0.6502596139907837, (1402.58837890625, 1051.578857421875, 78.42249298095703, 160.1218719482422)), ('person', 0.6030088663101196, (234.48028564453125, 1531.1224365234375, 419.2063903808594, 395.4408874511719)), ('person', 0.5269739627838135, (1232.0303955078125, 1071.292236328125, 76.34932708740234, 64.2689208984375)), ('person', 0.5215867161750793, (64.09335327148438, 1174.6859130859375, 117.79646301269531, 130.60462951660156))]

10_frame
[('person', 0.9588009119033813, (173.30857849121094, 1320.290283203125, 249.59613037109375, 495.032958984375)), ('person', 0.9378557801246643, (2281.031982421875, 1067.32080078125, 54.67876434326172, 173.856201171875)), ('person', 0.8272739052772522, (2448.240234375, 1035.4742431640625, 51.49718475341797, 113.9720687866211)), ('person', 0.7639155983924866, (3611.368896484375, 1543.304443359375, 430.6436462402344, 386.61004638671875)), ('person', 0.7609832286834717, (3198.47705078125, 1157.4476318359375, 114.58665466308594, 121.60001373291016)), ('person', 0.7227888107299805, (1403.566650390625, 1051.6845703125, 82.37091827392578, 171.97726440429688)), ('person', 0.6587713360786438, (1225.1390380859375, 1073.7059326171875, 73.04476928710938, 61.79570007324219)), ('person', 0.6431146264076233, (3254.489990234375, 1041.4354248046875, 51.78573989868164, 122.24346923828125)), ('person', 0.5624514818191528, (640.1163330078125, 1019.542724609375, 61.491817474365234, 112.3871841430664)), ('tvmonitor', 0.5494868159294128, (822.1177978515625, 938.1950073242188, 84.39108276367188, 54.22742462158203)), ('person', 0.5058186650276184, (2897.560302734375, 1195.5992431640625, 168.48585510253906, 125.65485382080078))]

15_frame
[('person', 0.9981939196586609, (279.6173095703125, 1392.985107421875, 375.36114501953125, 562.9224243164062)), ('person', 0.9934998154640198, (3724.699951171875, 1310.8358154296875, 237.19827270507812, 495.2783203125)), ('person', 0.9753305912017822, (3095.70654296875, 1170.90771484375, 141.2403106689453, 233.02609252929688)), ('person', 0.9547390341758728, (2888.010986328125, 1082.1810302734375, 69.46033477783203, 172.23193359375)), ('person', 0.9485816359519958, (3459.12646484375, 1242.6719970703125, 213.45394897460938, 210.876220703125)), ('person', 0.8211977481842041, (1989.657958984375, 1080.8692626953125, 87.83455657958984, 167.54861450195312)), ('person', 0.7878762483596802, (2569.459716796875, 1074.4532470703125, 50.67988967895508, 128.86312866210938)), ('person', 0.7675928473472595, (1799.767822265625, 1080.3245849609375, 68.80572509765625, 64.15486907958984)), ('person', 0.6265694499015808, (69.07743835449219, 1402.92919921875, 129.78115844726562, 487.5890808105469)), ('tvmonitor', 0.5962477922439575, (1419.23486328125, 936.12646484375, 95.81114959716797, 62.487281799316406))]

20_frame
[('person', 0.9895495176315308, (3553.14501953125, 1341.430419921875, 339.0329895019531, 528.29833984375)), ('person', 0.9817026257514954, (86.03436279296875, 1405.140625, 193.3173828125, 526.94140625)), ('person', 0.9526675939559937, (3770.684814453125, 1383.60009765625, 145.8530731201172, 522.0341186523438)), ('person', 0.8611856698989868, (1557.462646484375, 1071.2674560546875, 80.5133285522461, 181.6938018798828)), ('person', 0.8376167416572571, (2510.45166015625, 1046.7242431640625, 41.816715240478516, 114.18304443359375)), ('person', 0.8034361600875854, (1379.583984375, 1076.8817138671875, 67.76569366455078, 68.36026000976562)), ('person', 0.7368899583816528, (2564.877685546875, 1037.7923583984375, 44.661678314208984, 108.97195434570312)), ('person', 0.7330226898193359, (222.63099670410156, 1157.7481689453125, 121.82860565185547, 110.90286254882812)), ('person', 0.6895636916160583, (3101.692626953125, 1244.8692626953125, 214.85635375976562, 197.747802734375)), ('person', 0.6384692192077637, (1443.4544677734375, 1084.291259765625, 79.38508605957031, 58.75370788574219)), ('person', 0.6325982809066772, (1144.494384765625, 1026.108154296875, 67.59697723388672, 78.26019287109375)), ('person', 0.6248154044151306, (946.4588623046875, 1020.8358764648438, 56.41205596923828, 126.80847930908203)), ('tvmonitor', 0.5971542000770569, (996.5632934570312, 937.8327026367188, 95.30496215820312, 65.26033020019531)), ('person', 0.5500782132148743, (3373.26025390625, 1137.776123046875, 101.22856140136719, 138.99807739257812)), ('person', 0.5042715668678284, (3361.201171875, 1052.738525390625, 49.68475341796875, 115.898193359375))]

25_frame
[('person', 0.9944161772727966, (3449.69921875, 1227.7088623046875, 154.42169189453125, 397.3913269042969)), ('person', 0.9772520661354065, (2044.4384765625, 1150.712158203125, 142.37481689453125, 296.18011474609375)), ('person', 0.9497581720352173, (92.8475570678711, 1345.4095458984375, 207.65301513671875, 514.892822265625)), ('person', 0.8262277245521545, (1322.8275146484375, 1090.7030029296875, 99.36158752441406, 145.26010131835938)), ('person', 0.8256272673606873, (3782.44091796875, 1418.4210205078125, 109.28346252441406, 512.9739379882812)), ('person', 0.8199800848960876, (1085.2158203125, 1077.778076171875, 91.19575500488281, 187.44821166992188)), ('person', 0.796554684638977, (2355.1201171875, 1032.4708251953125, 40.037109375, 113.38883209228516)), ('person', 0.7693432569503784, (2942.484375, 1075.0074462890625, 65.64290618896484, 156.1601104736328)), ('person', 0.6118208169937134, (2444.506591796875, 1026.462890625, 45.4822998046875, 90.49874114990234)), ('person', 0.5856278538703918, (1171.6685791015625, 1019.3414916992188, 44.82988357543945, 105.6174087524414)), ('remote', 0.5684338808059692, (77.72510528564453, 1473.3427734375, 109.10456848144531, 47.03325653076172)), ('person', 0.5189555883407593, (931.6284790039062, 1098.99951171875, 55.63373947143555, 74.95782470703125))]

30_frame
[('person', 0.996044933795929, (3448.489501953125, 1282.7208251953125, 230.74038696289062, 508.123046875)), ('person', 0.9909200668334961, (83.52989196777344, 1379.5550537109375, 194.3082733154297, 616.4965209960938)), ('person', 0.9133850932121277, (3778.661376953125, 1336.8681640625, 128.5711669921875, 470.64544677734375)), ('person', 0.8436034917831421, (1458.0263671875, 1089.953857421875, 66.7471923828125, 234.1609344482422)), ('person', 0.8360846042633057, (834.4383544921875, 1069.36962890625, 71.24734497070312, 176.61529541015625)), ('person', 0.5398947596549988, (1268.107666015625, 1071.539794921875, 101.17819213867188, 152.61581420898438)), ('person', 0.5344903469085693, (1083.558837890625, 1119.975341796875, 114.55012512207031, 159.9159698486328)), ('person', 0.5213051438331604, (2535.060546875, 1053.2490234375, 34.465972900390625, 100.57280731201172)), ('suitcase', 0.5057558417320251, (3670.373291015625, 1149.158203125, 87.31698608398438, 69.80331420898438))]

35_frame
[('person', 0.994933545589447, (3206.382080078125, 1128.1739501953125, 87.49881744384766, 241.17825317382812)), ('person', 0.9916172027587891, (281.9656982421875, 1271.715087890625, 223.0086669921875, 465.0825500488281)), ('person', 0.9895965456962585, (92.54899597167969, 1404.9227294921875, 203.67149353027344, 567.0827026367188)), ('person', 0.9813594818115234, (3353.907958984375, 1122.19580078125, 93.4793930053711, 239.6162567138672)), ('person', 0.9316481351852417, (3769.5810546875, 1336.2958984375, 151.5066375732422, 546.97509765625)), ('person', 0.8325024247169495, (1299.8990478515625, 1095.5948486328125, 87.12255859375, 218.79409790039062)), ('person', 0.7219527959823608, (1243.473876953125, 1283.464111328125, 228.63504028320312, 170.44879150390625)), ('person', 0.6957270503044128, (1242.3701171875, 1024.1260986328125, 37.83943557739258, 96.61878967285156)), ('chair', 0.5692582130432129, (774.8394775390625, 1419.432861328125, 388.423828125, 242.9805908203125)), ('person', 0.532174289226532, (1181.3717041015625, 996.1493530273438, 32.69993591308594, 80.33316802978516)), ('person', 0.520783543586731, (779.1011352539062, 1192.8092041015625, 191.64035034179688, 173.83677673339844))]

40_frame
[('person', 0.993452250957489, (3757.160888671875, 1379.139892578125, 170.63150024414062, 622.18212890625)), ('person', 0.9917592406272888, (409.7921142578125, 1245.8587646484375, 219.99423217773438, 478.21405029296875)), ('person', 0.8183682560920715, (793.8548583984375, 1276.310302734375, 192.60684204101562, 189.37078857421875)), ('person', 0.7956947684288025, (689.4187622070312, 1038.8551025390625, 46.45361328125, 98.10848236083984)), ('person', 0.6384499073028564, (63.26990509033203, 1405.858642578125, 136.19882202148438, 533.3033447265625)), ('person', 0.6271998286247253, (935.224853515625, 1152.3662109375, 111.8373794555664, 177.1558074951172)), ('person', 0.5716462135314941, (1376.259521484375, 991.6985473632812, 30.478609085083008, 59.64207458496094)), ('person', 0.5442843437194824, (924.3250122070312, 1038.5799560546875, 95.37959289550781, 133.64682006835938)), ('person', 0.5344600081443787, (1639.64453125, 981.111572265625, 48.84507369995117, 42.807456970214844))]

45_frame
[('person', 0.9942416548728943, (275.74273681640625, 1243.9560546875, 180.3977508544922, 448.53021240234375)), ('person', 0.9845971465110779, (1133.092041015625, 1093.824462890625, 102.77812194824219, 257.4365234375)), ('person', 0.9729377627372742, (2210.109375, 1156.4632568359375, 104.42890930175781, 254.677734375)), ('person', 0.9621924757957458, (3746.96826171875, 1393.6468505859375, 194.58355712890625, 634.0260620117188)), ('person', 0.8912680745124817, (50.75746154785156, 1413.98779296875, 104.20957946777344, 597.0851440429688)), ('person', 0.8483511805534363, (1240.9462890625, 987.443359375, 30.326078414916992, 80.90906524658203)), ('person', 0.7597503066062927, (715.8522338867188, 1169.004150390625, 130.61770629882812, 315.83306884765625)), ('handbag', 0.6551569104194641, (1084.250732421875, 1150.79541015625, 46.239681243896484, 93.36752319335938)), ('person', 0.6466187238693237, (1295.8818359375, 987.6402587890625, 27.714218139648438, 75.5558090209961)), ('suitcase', 0.5880458354949951, (1084.250732421875, 1150.79541015625, 46.239681243896484, 93.36752319335938)), ('person', 0.5663855075836182, (385.2627258300781, 1044.41455078125, 38.161590576171875, 106.10291290283203)), ('suitcase', 0.5497428774833679, (844.966552734375, 1130.4052734375, 73.7918930053711, 75.38630676269531))]

50_frame
[('person', 0.9228516221046448, (572.1567993164062, 1104.07763671875, 116.80818176269531, 240.8414306640625)), ('person', 0.9137853980064392, (998.7083740234375, 1053.933837890625, 47.97134780883789, 130.91387939453125)), ('person', 0.907268762588501, (1194.85107421875, 1029.8902587890625, 56.788516998291016, 116.67452239990234)), ('person', 0.8931170701980591, (3751.203369140625, 1350.5302734375, 182.85311889648438, 560.3746948242188)), ('person', 0.8862409591674805, (148.44918823242188, 1202.812744140625, 140.05194091796875, 399.3740234375)), ('person', 0.8570782542228699, (64.4151840209961, 1338.296630859375, 136.16424560546875, 453.7178039550781)), ('person', 0.7409172058105469, (59.981224060058594, 1079.0540771484375, 60.92280960083008, 168.93746948242188)), ('person', 0.692651093006134, (1289.964111328125, 1017.8265380859375, 44.52347946166992, 102.02606201171875)), ('person', 0.6296399831771851, (2285.3017578125, 1078.373779296875, 37.79465866088867, 131.52764892578125))]

55_frame
[('person', 0.9889373779296875, (695.6805419921875, 1206.1177978515625, 167.7453155517578, 405.1997375488281)), ('person', 0.9711782336235046, (3620.014404296875, 1170.12548828125, 106.151611328125, 264.81695556640625)), ('person', 0.9557293653488159, (1723.422607421875, 1051.1650390625, 58.1990852355957, 179.39157104492188)), ('person', 0.9126190543174744, (108.84051513671875, 1351.2945556640625, 234.12425231933594, 567.2037963867188)), ('person', 0.8943641781806946, (1046.1324462890625, 1100.485107421875, 98.61891174316406, 247.2720947265625)), ('person', 0.8160909414291382, (2008.898681640625, 1038.86279296875, 40.411338806152344, 132.68368530273438)), ('person', 0.7890775203704834, (1782.69287109375, 1051.329833984375, 45.098445892333984, 142.63156127929688)), ('person', 0.7073994874954224, (1142.187255859375, 1101.3544921875, 100.15782165527344, 170.68475341796875)), ('person', 0.6791985034942627, (1886.1707763671875, 1047.03076171875, 79.44206237792969, 162.95774841308594)), ('person', 0.6000614166259766, (2392.31884765625, 1025.9959716796875, 60.395484924316406, 74.882568359375))]

60_frame
[('person', 0.9829170107841492, (434.36419677734375, 1396.6795654296875, 474.4012145996094, 655.8589477539062)), ('person', 0.9564181566238403, (695.8277587890625, 1119.2891845703125, 111.79704284667969, 286.4601135253906)), ('person', 0.9523050785064697, (3201.9033203125, 1132.2132568359375, 104.24771118164062, 223.57818603515625)), ('person', 0.8649102449417114, (81.55915069580078, 1488.9385986328125, 174.29676818847656, 461.1768798828125)), ('person', 0.8306509256362915, (918.0423583984375, 1106.444091796875, 104.41279602050781, 239.1475372314453)), ('person', 0.8254004120826721, (534.832275390625, 1099.98779296875, 71.25468444824219, 208.88816833496094)), ('person', 0.8131049871444702, (609.9818115234375, 1139.256591796875, 101.73558044433594, 249.33668518066406)), ('person', 0.8124993443489075, (1762.724853515625, 1030.001220703125, 47.92774200439453, 128.4755859375)), ('person', 0.7924070954322815, (1890.0279541015625, 1050.19482421875, 68.48875427246094, 171.91941833496094)), ('person', 0.6487681269645691, (1203.647705078125, 1052.0521240234375, 63.33552551269531, 170.4355010986328)), ('person', 0.582925021648407, (2054.826904296875, 1039.3558349609375, 73.05059814453125, 160.22474670410156)), ('person', 0.5521128177642822, (1859.7923583984375, 1041.69140625, 43.81658172607422, 136.73431396484375)), ('suitcase', 0.5024211406707764, (1130.9349365234375, 1125.2236328125, 64.8741226196289, 89.61964416503906))]

65_frame
[('person', 0.9664212465286255, (522.2623901367188, 1102.932861328125, 89.44955444335938, 241.56248474121094)), ('person', 0.9662620425224304, (396.85394287109375, 1080.7344970703125, 79.22276306152344, 182.16644287109375)), ('person', 0.9237406253814697, (306.8062744140625, 1416.3848876953125, 574.6139526367188, 560.0188598632812)), ('person', 0.8853223323822021, (830.4432373046875, 1139.4669189453125, 156.68905639648438, 304.6725158691406)), ('person', 0.7675871849060059, (918.6270141601562, 1102.82958984375, 96.25188446044922, 236.91261291503906)), ('person', 0.7488076686859131, (574.3409423828125, 1068.123291015625, 74.28953552246094, 181.41737365722656)), ('person', 0.7018365263938904, (1202.2987060546875, 1050.3387451171875, 61.05011749267578, 174.29820251464844)), ('person', 0.6926700472831726, (2059.55859375, 1050.007080078125, 61.51837921142578, 116.49337005615234)), ('person', 0.6414353847503662, (3685.3740234375, 1519.3558349609375, 329.6409606933594, 540.13671875)), ('person', 0.5781890749931335, (2664.420166015625, 1044.0404052734375, 53.48720932006836, 82.00691223144531))]

70_frame
[('person', 0.9918559193611145, (1530.97314453125, 1216.7607421875, 161.63961791992188, 375.97210693359375)), ('person', 0.9910026788711548, (232.43545532226562, 1349.026123046875, 356.3202209472656, 566.4242553710938)), ('person', 0.978300929069519, (3748.4599609375, 1354.757568359375, 194.67860412597656, 552.0204467773438)), ('person', 0.9704659581184387, (1382.9046630859375, 1204.10595703125, 156.9168243408203, 369.36614990234375)), ('person', 0.9701552391052246, (328.0065002441406, 1095.54248046875, 81.11109161376953, 199.0089874267578)), ('person', 0.9170554280281067, (918.7884521484375, 1098.7840576171875, 103.12820434570312, 234.96092224121094)), ('person', 0.8837167620658875, (48.51218795776367, 1338.98828125, 110.41935729980469, 499.51788330078125)), ('person', 0.7831178903579712, (1223.586669921875, 1067.029296875, 69.29253387451172, 164.29061889648438)), ('person', 0.7217916250228882, (2087.858154296875, 1048.5850830078125, 45.62322235107422, 122.13117980957031)), ('person', 0.6307823061943054, (1070.39697265625, 1093.9686279296875, 93.81277465820312, 174.63356018066406)), ('suitcase', 0.5908565521240234, (1132.1025390625, 1126.2867431640625, 70.04410552978516, 88.73570251464844)), ('person', 0.5152897834777832, (1295.8846435546875, 1029.873046875, 58.355411529541016, 92.81292724609375)), ('person', 0.5107144117355347, (983.9027099609375, 993.6994018554688, 41.4146614074707, 96.65995025634766))]

75_frame
[('person', 0.9967267513275146, (396.36871337890625, 1278.05078125, 236.60006713867188, 509.2108154296875)), ('person', 0.9954329133033752, (186.95697021484375, 1321.2608642578125, 221.06558227539062, 521.559814453125)), ('person', 0.9515451788902283, (2112.27001953125, 1082.8077392578125, 71.76949310302734, 204.01046752929688)), ('person', 0.940892219543457, (1948.835693359375, 1031.356201171875, 51.1182975769043, 107.57806396484375)), ('person', 0.9252660870552063, (2301.0771484375, 1029.6375732421875, 39.59878921508789, 104.53800964355469)), ('person', 0.9231672883033752, (2177.039794921875, 1081.98193359375, 64.94766235351562, 205.6001739501953)), ('person', 0.9116561412811279, (872.2041015625, 1087.3743896484375, 103.41741180419922, 213.396728515625)), ('person', 0.7942948937416077, (976.0670166015625, 1099.463134765625, 101.2130126953125, 242.0176239013672)), ('chair', 0.7351829409599304, (2261.532958984375, 1227.561767578125, 133.867919921875, 170.4227294921875))]

80_frame
[('person', 0.9888383746147156, (2265.908935546875, 1093.260986328125, 82.95235443115234, 181.14512634277344)), ('person', 0.9827005863189697, (3621.93408203125, 1411.581298828125, 453.5970153808594, 571.8659057617188)), ('person', 0.9516008496284485, (673.3037719726562, 1087.8714599609375, 81.08605194091797, 247.64926147460938)), ('person', 0.9449238181114197, (2413.2841796875, 1049.5145263671875, 52.59300994873047, 135.88116455078125)), ('person', 0.9448080658912659, (334.93902587890625, 1381.233642578125, 417.5819091796875, 627.131103515625)), ('person', 0.8907958269119263, (741.7400512695312, 1084.2103271484375, 73.8602066040039, 229.81097412109375)), ('person', 0.8635500073432922, (73.2981948852539, 1404.43994140625, 158.49951171875, 543.3446655273438)), ('person', 0.7940700054168701, (2547.511474609375, 1121.393310546875, 92.20075988769531, 199.3699493408203)), ('person', 0.7595958709716797, (2458.92138671875, 1047.444091796875, 45.412166595458984, 132.3339080810547)), ('person', 0.5423984527587891, (2497.10986328125, 1038.5252685546875, 44.916927337646484, 107.31511688232422)), ('person', 0.5068987011909485, (1227.1256103515625, 1092.9071044921875, 74.2135238647461, 96.77462005615234))]

85_frame
[('person', 0.9981644749641418, (3500.64892578125, 1437.5458984375, 364.992919921875, 622.5863647460938)), ('person', 0.9745698571205139, (122.17672729492188, 1419.9580078125, 265.515625, 607.9612426757812)), ('person', 0.9743626713752747, (3764.926025390625, 1418.5450439453125, 145.29293823242188, 603.8374633789062)), ('person', 0.9738245606422424, (1805.8619384765625, 1123.131591796875, 100.99543762207031, 263.549560546875)), ('person', 0.9708508253097534, (1367.21044921875, 1191.166259765625, 149.23379516601562, 321.7825927734375)), ('person', 0.9444094896316528, (2776.58935546875, 1174.812744140625, 203.38670349121094, 281.8756408691406)), ('person', 0.9141553044319153, (409.39306640625, 1041.4769287109375, 43.78447341918945, 109.62291717529297)), ('person', 0.8866056203842163, (674.165771484375, 1080.1343994140625, 74.77813720703125, 188.61692810058594)), ('person', 0.838679850101471, (575.0975341796875, 1186.418212890625, 88.56287384033203, 267.5337829589844)), ('person', 0.5683890581130981, (1603.2060546875, 1077.283203125, 88.14251708984375, 80.37633514404297)), ('person', 0.5526081919670105, (741.5088500976562, 1088.19140625, 79.43449401855469, 159.44960021972656))]

90_frame
[('person', 0.9948012232780457, (158.01744079589844, 1429.353759765625, 319.80902099609375, 586.0487670898438)), ('person', 0.9947777986526489, (3485.358642578125, 1445.5174560546875, 506.2861633300781, 556.5553588867188)), ('person', 0.9908434748649597, (436.34033203125, 1082.483642578125, 83.43644714355469, 172.82810974121094)), ('person', 0.9829862117767334, (2148.69140625, 1212.525146484375, 153.8228759765625, 332.83489990234375)), ('person', 0.9748908877372742, (1852.3599853515625, 1273.975341796875, 259.1197509765625, 368.12750244140625)), ('person', 0.9230755567550659, (2752.20751953125, 1193.1026611328125, 292.14569091796875, 286.6255798339844)), ('person', 0.8925356864929199, (3768.536376953125, 1415.2177734375, 141.22854614257812, 569.9388427734375)), ('person', 0.858970582485199, (245.01251220703125, 1065.910888671875, 61.09666442871094, 164.41294860839844)), ('person', 0.7612893581390381, (728.8848876953125, 1077.004638671875, 71.73702239990234, 160.02993774414062)), ('person', 0.6335994005203247, (649.5042114257812, 1065.4229736328125, 56.466407775878906, 170.58197021484375))]

95_frame
[('person', 0.9990759491920471, (3509.74755859375, 1448.0556640625, 424.760009765625, 584.07373046875)), ('person', 0.9890247583389282, (2259.28125, 1097.1695556640625, 94.72248840332031, 198.48016357421875)), ('person', 0.988403856754303, (159.27915954589844, 1423.388916015625, 320.5262145996094, 592.7428588867188)), ('person', 0.9794903993606567, (2738.282958984375, 1151.331298828125, 184.2173309326172, 269.0809326171875)), ('person', 0.9774885773658752, (1957.9412841796875, 1095.647705078125, 92.75605773925781, 227.44357299804688)), ('person', 0.9346405267715454, (3764.909423828125, 1418.513427734375, 147.6077880859375, 585.9691162109375)), ('person', 0.6920331120491028, (3824.808837890625, 1030.6904296875, 30.029603958129883, 124.58094024658203)), ('person', 0.566802442073822, (1599.6458740234375, 1078.5244140625, 90.23229217529297, 75.44651794433594))]

100_frame
[('person', 0.9993617534637451, (3517.087890625, 1444.9635009765625, 420.6182556152344, 581.348388671875)), ('person', 0.9905475378036499, (157.6915283203125, 1418.61767578125, 316.8985900878906, 588.99951171875)), ('person', 0.9667871594429016, (2873.87841796875, 1378.2293701171875, 377.515625, 529.44091796875)), ('person', 0.9563964009284973, (270.95831298828125, 1041.638671875, 54.16004180908203, 113.67115020751953)), ('person', 0.9524345397949219, (3767.910400390625, 1422.798095703125, 139.26951599121094, 594.6058349609375)), ('person', 0.6149194240570068, (3308.959716796875, 1024.7149658203125, 48.10444259643555, 80.51631927490234)), ('person', 0.51966392993927, (1600.4234619140625, 1077.8184814453125, 81.57489013671875, 75.35392761230469)), ('person', 0.5021920800209045, (1086.081787109375, 1090.96142578125, 69.55182647705078, 82.98155975341797)), ('person', 0.5007480382919312, (645.6692504882812, 1085.950439453125, 59.338294982910156, 105.37825012207031))]

105_frame
[('person', 0.9953343868255615, (3493.830810546875, 1499.087890625, 429.3343200683594, 488.47418212890625)), ('person', 0.9846042394638062, (2415.434814453125, 1197.448486328125, 160.22216796875, 385.2255554199219)), ('person', 0.7627770304679871, (3755.700927734375, 1487.655029296875, 174.3014678955078, 513.782470703125)), ('suitcase', 0.713779866695404, (2757.605224609375, 1407.880126953125, 629.8622436523438, 433.3022155761719)), ('person', 0.6067736744880676, (730.02392578125, 1078.4014892578125, 75.13667297363281, 155.0645294189453)), ('person', 0.5015571713447571, (1599.44677734375, 1077.227783203125, 85.0113525390625, 73.43748474121094))]

110_frame
[('person', 0.9937517642974854, (3695.525146484375, 1383.4110107421875, 276.00244140625, 602.2015991210938)), ('person', 0.9930700659751892, (2398.393798828125, 1098.29150390625, 69.49259185791016, 183.58074951171875)), ('person', 0.9883509874343872, (2264.588623046875, 1125.6239013671875, 92.05858612060547, 241.35092163085938)), ('person', 0.9824502468109131, (140.30784606933594, 1290.007568359375, 273.5389404296875, 467.461181640625)), ('person', 0.9148143529891968, (278.5070495605469, 1067.0384521484375, 68.54908752441406, 165.8707275390625)), ('person', 0.9013496041297913, (2330.935302734375, 1042.762939453125, 37.40861129760742, 109.90557861328125)), ('person', 0.606320858001709, (519.5392456054688, 1089.694580078125, 100.43373107910156, 130.08079528808594)), ('person', 0.5957582592964172, (840.7420043945312, 1087.594482421875, 106.55269622802734, 130.8292694091797)), ('person', 0.5092931389808655, (1341.93505859375, 1084.405517578125, 110.61258697509766, 120.02430725097656)), ('person', 0.5010817050933838, (2641.413330078125, 1173.33349609375, 188.98776245117188, 287.5536804199219))]

115_frame
[('person', 0.9936448335647583, (2026.787841796875, 1127.335693359375, 87.30980682373047, 269.8584289550781)), ('person', 0.992752194404602, (519.5231323242188, 1220.3153076171875, 222.67620849609375, 401.2577819824219)), ('person', 0.9785813689231873, (680.2291259765625, 1197.0009765625, 148.30674743652344, 353.5355224609375)), ('person', 0.9780468940734863, (1320.96337890625, 1091.87890625, 89.01979064941406, 210.62423706054688)), ('person', 0.9751466512680054, (3712.33935546875, 1423.62744140625, 258.60125732421875, 627.1141967773438)), ('person', 0.9644590020179749, (184.6065216064453, 1323.3782958984375, 233.4928436279297, 569.7731323242188)), ('person', 0.8998305797576904, (2362.895751953125, 1043.64892578125, 63.66665267944336, 132.82347106933594)), ('person', 0.8708743453025818, (2865.365478515625, 1244.6761474609375, 375.4659118652344, 241.5450897216797)), ('tvmonitor', 0.6865893602371216, (1256.5467529296875, 942.0184936523438, 116.44832611083984, 105.02204132080078))]

120_frame
[('person', 0.9971197843551636, (1071.8441162109375, 1296.6595458984375, 363.6799621582031, 528.6121215820312)), ('person', 0.9911097288131714, (1687.1361083984375, 1256.23876953125, 188.52491760253906, 454.95458984375)), ('person', 0.9847297668457031, (491.8714599609375, 1042.40869140625, 76.32070922851562, 189.7018280029297)), ('person', 0.9544801115989685, (3677.261962890625, 1094.004638671875, 77.59239196777344, 225.85328674316406)), ('person', 0.9001381397247314, (3401.0634765625, 1444.68310546875, 452.28399658203125, 535.2394409179688)), ('person', 0.8855516910552979, (115.9345474243164, 1387.200439453125, 227.00750732421875, 573.95556640625)), ('person', 0.8540561199188232, (3773.363037109375, 1398.190673828125, 134.11618041992188, 542.0494384765625)), ('person', 0.6606863737106323, (2991.59375, 1329.685302734375, 194.75283813476562, 216.05044555664062)), ('tvmonitor', 0.5559266209602356, (672.0225830078125, 939.543212890625, 93.93049621582031, 93.40308380126953)), ('person', 0.5210741758346558, (3614.0107421875, 1069.6490478515625, 52.783199310302734, 94.3892593383789)), ('suitcase', 0.5010385513305664, (3461.511962890625, 1792.2431640625, 754.4331665039062, 210.6040802001953))]

125_frame
[('person', 0.9861727952957153, (555.5786743164062, 1238.383056640625, 195.73585510253906, 478.68017578125)), ('person', 0.9817986488342285, (1589.378173828125, 1055.1756591796875, 71.90589141845703, 187.68434143066406)), ('person', 0.9545312523841858, (1523.0716552734375, 1066.76220703125, 64.23419189453125, 175.7017059326172)), ('person', 0.6797254681587219, (1439.3734130859375, 989.4623413085938, 30.11111068725586, 73.77937316894531)), ('tvmonitor', 0.621366024017334, (2749.42578125, 932.2124633789062, 89.84986877441406, 54.99982452392578)), ('person', 0.5542455315589905, (59.3969841003418, 1404.8408203125, 122.52066040039062, 602.1510620117188))]

130_frame
[('person', 0.9938502311706543, (421.908935546875, 1277.1837158203125, 247.7996368408203, 530.360595703125)), ('person', 0.9910759329795837, (3720.689208984375, 1390.641845703125, 235.46621704101562, 606.7597045898438)), ('person', 0.9817137122154236, (1560.5943603515625, 1104.229248046875, 89.38166046142578, 219.81942749023438)), ('person', 0.9771836400032043, (1640.6043701171875, 1022.2295532226562, 36.979530334472656, 102.42939758300781)), ('person', 0.9271596074104309, (262.61541748046875, 1121.8892822265625, 82.458984375, 253.66896057128906)), ('person', 0.7348261475563049, (1739.25830078125, 1018.3701171875, 28.263080596923828, 81.57319641113281)), ('person', 0.6340435147285461, (1786.5384521484375, 1035.896484375, 27.45077133178711, 78.96683502197266)), ('person', 0.6278774738311768, (1695.078369140625, 1001.3678588867188, 25.20058822631836, 64.48107147216797))]

135_frame
[('person', 0.9961099624633789, (118.91020965576172, 1284.1029052734375, 259.6110534667969, 475.8609924316406)), ('person', 0.9865209460258484, (441.5266418457031, 1091.4942626953125, 86.9145278930664, 218.19668579101562)), ('person', 0.9853124022483826, (3667.10791015625, 1377.0789794921875, 310.4510192871094, 604.4193725585938)), ('person', 0.985148549079895, (1556.4874267578125, 1169.2890625, 105.14659881591797, 290.7973937988281)), ('person', 0.9611256718635559, (818.4782104492188, 1268.85205078125, 178.9452667236328, 500.490234375)), ('person', 0.9609987735748291, (1643.893310546875, 1118.9337158203125, 83.68704223632812, 263.2657775878906)), ('person', 0.9060251116752625, (1756.0, 1070.6339111328125, 63.886741638183594, 163.82469177246094)), ('person', 0.8270933628082275, (236.70606994628906, 1080.989013671875, 80.994873046875, 171.67137145996094)), ('person', 0.8265582323074341, (1932.1025390625, 1074.0218505859375, 41.62667465209961, 96.75239562988281)), ('person', 0.5800779461860657, (531.6091918945312, 1024.068115234375, 41.870994567871094, 104.49725341796875)), ('person', 0.5054458379745483, (1756.0208740234375, 1070.4462890625, 41.27745056152344, 113.78865051269531))]

140_frame
[('person', 0.9937968254089355, (211.44981384277344, 1312.6396484375, 234.5767822265625, 524.6610717773438)), ('person', 0.9809401035308838, (361.70489501953125, 1088.656982421875, 81.4625244140625, 232.88824462890625)), ('person', 0.9766249656677246, (65.77513885498047, 1387.92041015625, 139.20875549316406, 604.0866088867188)), ('person', 0.9664744734764099, (3750.890869140625, 1348.9288330078125, 193.6518096923828, 527.7493896484375)), ('person', 0.9651871919631958, (624.572021484375, 1248.104736328125, 147.126220703125, 350.1728515625)), ('person', 0.7833075523376465, (1883.48291015625, 1066.80224609375, 54.139198303222656, 169.25332641601562)), ('person', 0.5678493976593018, (1948.527099609375, 994.215087890625, 20.473438262939453, 46.754539489746094)), ('person', 0.5411144495010376, (74.24236297607422, 1139.5927734375, 91.7496337890625, 223.53843688964844))]

145_frame
[('person', 0.9956429600715637, (445.37896728515625, 1209.7327880859375, 180.82505798339844, 413.8693542480469)), ('person', 0.9943817257881165, (267.7262878417969, 1309.63916015625, 352.62548828125, 548.322021484375)), ('person', 0.9803158044815063, (577.417236328125, 1200.2366943359375, 129.48902893066406, 394.2230529785156)), ('person', 0.9386802315711975, (81.92107391357422, 1399.5208740234375, 174.5423583984375, 634.906005859375)), ('person', 0.8981092572212219, (2136.2861328125, 1203.95556640625, 113.24552917480469, 213.7781524658203)), ('person', 0.7657507658004761, (3772.9248046875, 1337.436279296875, 133.27369689941406, 600.4413452148438))]

150_frame
[('person', 0.996677815914154, (364.98095703125, 1325.9241943359375, 261.9794921875, 602.4320678710938)), ('person', 0.9863103032112122, (94.01663970947266, 1398.619140625, 209.10427856445312, 589.302978515625)), ('person', 0.9774556756019592, (2350.87158203125, 1426.5943603515625, 318.33746337890625, 328.26226806640625)), ('person', 0.6994551420211792, (3778.4931640625, 1320.018310546875, 114.28986358642578, 613.2212524414062)), ('person', 0.5035889744758606, (24.843400955200195, 1031.6363525390625, 39.897090911865234, 114.4820327758789))]

155_frame
[('person', 0.9955719113349915, (317.4696960449219, 1299.612548828125, 243.4061279296875, 515.3093872070312)), ('person', 0.9811158776283264, (110.35572814941406, 1409.2921142578125, 228.76708984375, 561.14697265625)), ('person', 0.9697824120521545, (3314.939208984375, 1519.299072265625, 377.02203369140625, 397.5658264160156)), ('person', 0.7567684054374695, (3775.255126953125, 1316.8126220703125, 121.86834716796875, 745.747802734375))]

160_frame
[('person', 0.9983418583869934, (413.38629150390625, 1306.633056640625, 309.8409118652344, 538.8818969726562)), ('person', 0.9884422421455383, (89.62515258789062, 1400.3162841796875, 193.8887939453125, 562.2332763671875)), ('person', 0.9550852179527283, (3757.378173828125, 1406.3184814453125, 157.53720092773438, 615.218994140625)), ('person', 0.5568134188652039, (1901.4730224609375, 1003.2586669921875, 30.847618103027344, 78.78263854980469))]

165_frame
[('person', 0.9962877035140991, (177.63958740234375, 1318.5997314453125, 321.09320068359375, 572.4566040039062)), ('person', 0.985415518283844, (1824.4239501953125, 1087.321533203125, 68.24674224853516, 202.63705444335938)), ('person', 0.9520056247711182, (3723.467041015625, 1420.00390625, 230.98651123046875, 693.31494140625)), ('person', 0.9504522681236267, (1686.8543701171875, 1198.8807373046875, 137.06973266601562, 343.3919982910156)), ('person', 0.8049750924110413, (1945.1607666015625, 996.3642578125, 31.350305557250977, 68.47877502441406))]

170_frame
[('person', 0.994981586933136, (121.56967163085938, 1325.0228271484375, 269.7309265136719, 567.161865234375)), ('person', 0.991989016532898, (3631.073974609375, 1394.9132080078125, 307.3772277832031, 602.2628784179688)), ('person', 0.9841468930244446, (1828.405517578125, 1044.83349609375, 63.671974182128906, 164.69723510742188)), ('person', 0.9373075366020203, (227.08743286132812, 1089.0550537109375, 80.52706909179688, 220.89712524414062)), ('person', 0.65470290184021, (175.3782501220703, 1078.2646484375, 72.64002990722656, 188.37893676757812)), ('person', 0.6078647971153259, (1828.5625, 1038.9085693359375, 42.02077102661133, 101.86772918701172))]

175_frame
[('person', 0.9926304221153259, (271.9686279296875, 1343.2191162109375, 255.4496612548828, 605.3233642578125)), ('person', 0.9906994700431824, (127.10550689697266, 1099.87744140625, 69.33589935302734, 228.7253875732422)), ('person', 0.9591541290283203, (458.7349548339844, 1172.3704833984375, 145.6017608642578, 363.06268310546875)), ('person', 0.9577240347862244, (3728.751220703125, 1393.923095703125, 226.41827392578125, 568.0181884765625)), ('person', 0.892577052116394, (41.06064987182617, 1407.8306884765625, 91.7907485961914, 579.5375366210938))]

180_frame
[('person', 0.997129499912262, (368.18475341796875, 1311.8525390625, 326.645263671875, 561.885498046875)), ('person', 0.9888573288917542, (1035.149169921875, 1300.8743896484375, 230.1823272705078, 384.9815673828125)), ('person', 0.9499208927154541, (3723.422119140625, 1389.23193359375, 243.52635192871094, 547.0084838867188)), ('person', 0.8625081777572632, (128.44232177734375, 1022.5241088867188, 25.773794174194336, 81.13778686523438)), ('person', 0.7946000099182129, (50.38926696777344, 1396.5809326171875, 108.49337768554688, 498.1405029296875))]

185_frame
[('person', 0.9974648952484131, (469.2785949707031, 1335.77294921875, 304.6894226074219, 595.6378784179688)), ('person', 0.9847521781921387, (1877.326904296875, 1101.296142578125, 63.53510284423828, 205.29820251464844)), ('person', 0.9835935235023499, (120.76343536376953, 1388.5426025390625, 260.57489013671875, 596.5738525390625)), ('person', 0.9001745581626892, (72.87285614013672, 1037.7261962890625, 35.379486083984375, 97.33354187011719))]

190_frame
[('person', 0.9950757026672363, (431.21484375, 1379.7274169921875, 310.2580261230469, 641.9800415039062)), ('person', 0.9935091733932495, (93.09442138671875, 1403.78271484375, 216.4813690185547, 580.5973510742188)), ('person', 0.8671947717666626, (1913.17236328125, 1029.2994384765625, 38.377830505371094, 91.91500854492188)), ('person', 0.8340021967887878, (318.378662109375, 1128.5174560546875, 90.56627655029297, 233.3634033203125)), ('person', 0.7646700143814087, (3770.040771484375, 1320.9942626953125, 127.56430053710938, 586.862548828125)), ('person', 0.7344416975975037, (2050.87060546875, 1091.3182373046875, 94.39037322998047, 138.2791748046875))]

195_frame
[('person', 0.9988950490951538, (483.1300048828125, 1320.1478271484375, 312.2715759277344, 547.7870483398438)), ('person', 0.9878798723220825, (93.87422943115234, 1387.966064453125, 210.78196716308594, 594.905517578125)), ('person', 0.9760434627532959, (1749.0899658203125, 1148.19140625, 142.93202209472656, 313.0060119628906)), ('person', 0.8776199817657471, (2088.289306640625, 1132.8602294921875, 125.26163482666016, 146.32748413085938)), ('person', 0.5298727750778198, (3692.656982421875, 1405.10302734375, 299.6423034667969, 781.5980224609375))]

200_frame
[('person', 0.9962280988693237, (443.65972900390625, 1319.7857666015625, 244.94329833984375, 608.7088012695312)), ('person', 0.9895794987678528, (121.43276977539062, 1393.84375, 266.2986755371094, 609.3322143554688)), ('person', 0.9576859474182129, (1945.937744140625, 1024.8623046875, 41.35148620605469, 101.77352142333984)), ('person', 0.9500057697296143, (2234.398681640625, 1253.610595703125, 231.61119079589844, 225.36318969726562)), ('person', 0.9151543378829956, (2055.30712890625, 1035.8228759765625, 45.28496170043945, 113.67061614990234)), ('person', 0.5873177647590637, (2000.2470703125, 1024.3935546875, 33.95632553100586, 74.34768676757812))]

205_frame
[('person', 0.9995074272155762, (385.04241943359375, 1318.168212890625, 300.3869323730469, 557.1488647460938)), ('person', 0.9963311553001404, (1885.7969970703125, 1205.843994140625, 162.56625366210938, 364.8168029785156)), ('person', 0.9867319464683533, (93.59195709228516, 1392.3109130859375, 211.83627319335938, 577.4552001953125)), ('person', 0.9801310896873474, (1706.3165283203125, 1175.25048828125, 164.3199920654297, 368.778564453125)), ('person', 0.7107736468315125, (1958.667724609375, 1029.185546875, 39.71274185180664, 130.51235961914062)), ('person', 0.6314060091972351, (3768.771240234375, 1401.35107421875, 141.08970642089844, 610.7682495117188)), ('person', 0.6147772073745728, (2690.083251953125, 1491.6551513671875, 362.8802795410156, 325.2307434082031))]

210_frame
[('person', 0.9961667060852051, (1078.173583984375, 1279.0189208984375, 372.432861328125, 522.7172241210938)), ('person', 0.9955547451972961, (290.80865478515625, 1336.8779296875, 256.3343811035156, 583.279052734375)), ('person', 0.9861840009689331, (2262.010498046875, 1141.9639892578125, 142.85255432128906, 289.7291259765625)), ('person', 0.9830197691917419, (127.9228286743164, 1069.4185791015625, 82.16827392578125, 205.68722534179688)), ('person', 0.9599679708480835, (3732.119384765625, 1382.4638671875, 234.4420623779297, 574.0859985351562)), ('person', 0.9051865935325623, (68.1789779663086, 1392.721435546875, 128.866943359375, 522.0682373046875)), ('person', 0.8740821480751038, (3496.044677734375, 1387.1209716796875, 308.29766845703125, 333.5969543457031)), ('person', 0.8102001547813416, (35.03261947631836, 1083.96240234375, 80.57315826416016, 249.74661254882812))]

215_frame
[('person', 0.9983060359954834, (1433.0206298828125, 1225.664794921875, 176.5389862060547, 375.3326110839844)), ('person', 0.9962918758392334, (475.5435791015625, 1345.7313232421875, 361.09161376953125, 568.431640625)), ('person', 0.9906668663024902, (3705.88623046875, 1403.196533203125, 278.1776123046875, 613.6903076171875)), ('person', 0.9560492634773254, (126.64366912841797, 1030.8052978515625, 48.1645393371582, 127.90680694580078)), ('person', 0.686289370059967, (50.9260139465332, 1415.8623046875, 98.1539306640625, 486.9520568847656))]

220_frame
[('person', 0.982287585735321, (783.474609375, 1077.9591064453125, 71.66835021972656, 198.9076385498047)), ('person', 0.9810377955436707, (479.18145751953125, 1288.3115234375, 315.430419921875, 519.4124755859375)), ('person', 0.8005496263504028, (3579.1533203125, 1446.345458984375, 489.7525329589844, 635.3959350585938)), ('person', 0.7975863814353943, (650.9154052734375, 1178.2559814453125, 123.62937927246094, 185.2611541748047))]

225_frame
[('person', 0.9969868063926697, (768.0491943359375, 1300.8387451171875, 225.66546630859375, 515.4703979492188)), ('person', 0.9964619278907776, (182.0162353515625, 1376.61181640625, 303.3576965332031, 630.5714721679688)), ('person', 0.9774054288864136, (2200.20654296875, 1271.63818359375, 168.51373291015625, 371.37384033203125)), ('person', 0.9524421691894531, (1507.4124755859375, 1195.987060546875, 129.30776977539062, 197.22525024414062)), ('backpack', 0.5899035334587097, (2243.47705078125, 1229.725830078125, 104.22637176513672, 149.84637451171875))]

230_frame
[('person', 0.9934007525444031, (370.7090148925781, 1311.3558349609375, 281.3745422363281, 571.2830810546875)), ('person', 0.9811977744102478, (1732.8248291015625, 1077.3211669921875, 59.23029708862305, 174.7705841064453)), ('person', 0.9780030250549316, (3626.78857421875, 1398.0164794921875, 435.53009033203125, 599.0983276367188)), ('person', 0.9762765169143677, (1221.4859619140625, 1275.2845458984375, 179.3919219970703, 262.58831787109375)), ('person', 0.8703590035438538, (1644.1673583984375, 988.743408203125, 22.50887680053711, 61.48495101928711))]

235_frame
[('person', 0.9970399737358093, (293.6565246582031, 1274.63818359375, 252.4063720703125, 523.4581909179688)), ('person', 0.969461977481842, (74.70443725585938, 1384.5213623046875, 157.36541748046875, 634.4454956054688)), ('person', 0.9683878421783447, (1893.8131103515625, 1025.7149658203125, 31.148082733154297, 83.9172134399414)), ('person', 0.9549276828765869, (1942.521240234375, 1028.705322265625, 28.755727767944336, 85.40460205078125)), ('person', 0.8072205781936646, (891.626708984375, 1305.0462646484375, 194.64527893066406, 341.09796142578125)), ('person', 0.7684994339942932, (1853.9161376953125, 1026.57275390625, 29.69525909423828, 76.87894439697266)), ('person', 0.727380096912384, (1560.75048828125, 1173.8177490234375, 100.2166519165039, 194.45294189453125))]

240_frame
[('person', 0.9969238638877869, (177.11685180664062, 1281.949951171875, 227.8135223388672, 503.7607421875)), ('person', 0.9932596683502197, (1549.4693603515625, 1240.9400634765625, 171.1251983642578, 385.4625244140625)), ('person', 0.9903165698051453, (1330.3349609375, 1243.5869140625, 208.90284729003906, 329.9158935546875)), ('person', 0.9845415353775024, (1707.163818359375, 1251.7840576171875, 167.31065368652344, 345.7652587890625)), ('person', 0.9361094832420349, (544.7001953125, 1213.835693359375, 183.91958618164062, 237.60487365722656)), ('person', 0.8882663249969482, (1854.79833984375, 1030.61181640625, 36.89631271362305, 96.80687713623047)), ('person', 0.8436227440834045, (109.24285125732422, 1072.6292724609375, 91.49919128417969, 175.47096252441406)), ('person', 0.8081082701683044, (3728.531494140625, 1379.3465576171875, 238.7093505859375, 558.0014038085938)), ('person', 0.6534097194671631, (1878.0528564453125, 1022.146484375, 32.281681060791016, 87.31417846679688))]

245_frame
[('person', 0.996803879737854, (629.6382446289062, 1344.98193359375, 385.0929870605469, 610.9071044921875)), ('person', 0.9926637411117554, (171.50784301757812, 1322.3272705078125, 333.4743957519531, 578.6423950195312)), ('person', 0.9645775556564331, (797.1058959960938, 1269.7611083984375, 158.3358917236328, 327.7700500488281)), ('person', 0.6553150415420532, (189.10328674316406, 1071.665771484375, 65.98554992675781, 172.4970703125)), ('person', 0.5721474289894104, (3720.261962890625, 1326.87353515625, 244.2871856689453, 478.0218200683594)), ('person', 0.56230628490448, (375.3994140625, 1133.5279541015625, 164.43734741210938, 156.44131469726562))]

250_frame
[('person', 0.9959257245063782, (1907.6279296875, 1083.193359375, 81.5428466796875, 231.82386779785156)), ('person', 0.9946737289428711, (270.70654296875, 1336.5103759765625, 321.7840881347656, 594.7614135742188)), ('person', 0.8383625745773315, (55.88692092895508, 1396.5247802734375, 114.18806457519531, 639.77001953125)), ('person', 0.835700273513794, (3746.275390625, 1399.5238037109375, 197.89781188964844, 663.2112426757812)), ('person', 0.8328339457511902, (468.1455993652344, 1154.65185546875, 107.80780029296875, 213.27792358398438))]

255_frame
[('person', 0.9921165704727173, (335.0511474609375, 1319.681884765625, 298.18511962890625, 577.622802734375)), ('person', 0.9369624257087708, (3747.507568359375, 1390.06689453125, 182.64566040039062, 604.3574829101562)), ('person', 0.7599825859069824, (50.034271240234375, 1333.17578125, 112.69818878173828, 516.0591430664062)), ('person', 0.68660968542099, (1943.979248046875, 1000.6512451171875, 86.17791748046875, 136.84373474121094)), ('person', 0.6070898175239563, (1901.166015625, 998.0875244140625, 28.27076530456543, 73.21478271484375))]

260_frame
[('person', 0.9990602135658264, (1304.5565185546875, 1214.57470703125, 238.63543701171875, 448.043212890625)), ('person', 0.9866651296615601, (234.82037353515625, 1326.197021484375, 303.6410217285156, 578.54443359375)), ('person', 0.931376576423645, (72.38443756103516, 1392.710205078125, 153.02706909179688, 602.4708862304688)), ('person', 0.7138122320175171, (3763.185791015625, 1341.169921875, 154.9542694091797, 529.1863403320312)), ('person', 0.6752774119377136, (91.83814239501953, 1041.4906005859375, 42.06790542602539, 114.14976501464844)), ('person', 0.5731683969497681, (1845.7427978515625, 1025.79736328125, 33.606510162353516, 87.39910125732422))]

265_frame
[('person', 0.9936192631721497, (354.47296142578125, 1379.920166015625, 296.319580078125, 590.2451171875)), ('person', 0.9809982180595398, (81.0601806640625, 1412.4884033203125, 176.10177612304688, 593.9209594726562)), ('person', 0.9409970641136169, (224.72964477539062, 1120.4163818359375, 96.01396179199219, 273.4896545410156)), ('person', 0.9024997353553772, (117.83881378173828, 1021.5973510742188, 44.862701416015625, 133.32643127441406)), ('person', 0.9016388654708862, (3770.424560546875, 1407.125, 143.25335693359375, 636.8110961914062))]

270_frame
[('person', 0.9937066435813904, (1201.9495849609375, 1291.3970947265625, 387.8722839355469, 528.729736328125)), ('person', 0.9598898887634277, (231.60105895996094, 1327.741943359375, 292.2195739746094, 571.2399291992188)), ('person', 0.943606972694397, (53.523048400878906, 1398.6605224609375, 116.35028076171875, 594.8905639648438)), ('person', 0.7871347665786743, (3749.47607421875, 1404.455322265625, 185.77133178710938, 603.0606079101562)), ('backpack', 0.7792416214942932, (1173.8411865234375, 1236.987060546875, 108.22335052490234, 194.1804962158203)), ('person', 0.6772041320800781, (1946.5230712890625, 1021.69140625, 31.18720245361328, 85.86697387695312)), ('person', 0.6369308829307556, (1910.208984375, 1017.56787109375, 37.0017204284668, 101.01741790771484)), ('person', 0.5110113620758057, (1792.4898681640625, 1072.632080078125, 61.08027267456055, 106.086669921875))]

275_frame
[('person', 0.9957942366600037, (415.4542541503906, 1374.9110107421875, 336.50823974609375, 608.11328125)), ('person', 0.9941921234130859, (1672.785888671875, 1189.555908203125, 149.86920166015625, 373.2013244628906)), ('person', 0.9887524843215942, (1833.640380859375, 1201.5762939453125, 157.4501495361328, 393.566650390625)), ('person', 0.8594397306442261, (1902.462158203125, 1094.30322265625, 63.34165954589844, 232.39529418945312)), ('person', 0.8118679523468018, (3731.03369140625, 1380.138427734375, 225.46571350097656, 583.6582641601562)), ('person', 0.8099674582481384, (65.41839599609375, 1410.5166015625, 137.91079711914062, 545.3516845703125))]

280_frame
[('person', 0.995173990726471, (488.5335693359375, 1326.7076416015625, 329.3815002441406, 550.5809326171875)), ('person', 0.9802165031433105, (126.60507202148438, 1084.41943359375, 73.19108581542969, 197.25027465820312)), ('person', 0.9693159461021423, (1582.6395263671875, 1173.7952880859375, 122.37381744384766, 218.88174438476562)), ('person', 0.9610779285430908, (3747.015625, 1431.759521484375, 190.5498504638672, 593.9308471679688)), ('person', 0.9250060319900513, (66.17664337158203, 1403.869140625, 134.52542114257812, 550.1015014648438)), ('person', 0.9177230596542358, (1927.7908935546875, 1037.09521484375, 41.96440124511719, 116.31825256347656)), ('person', 0.8828702569007874, (241.308837890625, 1145.6627197265625, 99.11727905273438, 244.13145446777344)), ('person', 0.7592746019363403, (1851.672119140625, 995.010009765625, 26.80728530883789, 77.12081909179688)), ('person', 0.6545835733413696, (37.08088684082031, 1032.3619384765625, 45.20751190185547, 138.16696166992188)), ('person', 0.5317512154579163, (1891.5963134765625, 995.5343627929688, 26.423208236694336, 55.03460693359375))]

285_frame
[('person', 0.9939374923706055, (1265.1405029296875, 1273.56787109375, 173.9957733154297, 308.5732421875)), ('person', 0.9864788055419922, (352.5087890625, 1351.310791015625, 294.220703125, 552.5238037109375)), ('person', 0.9634011387825012, (209.7326202392578, 1100.6883544921875, 106.76982116699219, 303.6444091796875)), ('person', 0.9101867079734802, (3748.361572265625, 1353.087890625, 195.5991668701172, 542.99609375)), ('person', 0.8982792496681213, (60.99832534790039, 1406.2738037109375, 136.61561584472656, 539.0029907226562)), ('person', 0.5356839895248413, (84.21682739257812, 1019.029052734375, 39.994998931884766, 138.86204528808594)), ('person', 0.5221993327140808, (1982.1038818359375, 1049.61279296875, 48.739784240722656, 98.63762664794922))]

290_frame
[('person', 0.9981077909469604, (1479.3931884765625, 1272.345703125, 366.76666259765625, 564.323974609375)), ('person', 0.9962834119796753, (436.10479736328125, 1375.7869873046875, 308.83966064453125, 612.1258544921875)), ('person', 0.9750826358795166, (74.69096374511719, 1385.8023681640625, 160.08079528808594, 580.03466796875)), ('person', 0.9730418920516968, (734.2000122070312, 1272.8623046875, 164.8627166748047, 298.16748046875)), ('person', 0.9636654257774353, (1890.428466796875, 1033.8118896484375, 83.26319885253906, 158.9403076171875)), ('person', 0.903089165687561, (3762.0888671875, 1395.3900146484375, 159.5128173828125, 599.3561401367188))]

295_frame
[('person', 0.993507981300354, (591.573974609375, 1343.5718994140625, 369.7984924316406, 535.4891967773438)), ('person', 0.9811350107192993, (2042.39111328125, 1069.9639892578125, 73.37305450439453, 187.20077514648438)), ('person', 0.9784567356109619, (112.25222778320312, 1402.50830078125, 237.16473388671875, 641.5072631835938)), ('person', 0.9288569688796997, (431.0674743652344, 1172.0230712890625, 102.99237823486328, 191.27752685546875))]

300_frame
[('person', 0.9963254332542419, (664.4613037109375, 1346.6260986328125, 296.3658142089844, 572.9827270507812)), ('person', 0.9551233649253845, (89.6515884399414, 1411.3486328125, 199.39035034179688, 579.09033203125)), ('person', 0.8755080103874207, (3749.876708984375, 1399.2491455078125, 184.8608856201172, 590.7235717773438)), ('person', 0.538163423538208, (297.3401794433594, 1103.419189453125, 80.24494934082031, 142.34898376464844))]

305_frame
[('person', 0.9985759258270264, (565.9453735351562, 1324.4462890625, 358.3055114746094, 530.4737548828125)), ('person', 0.9918820858001709, (1831.423583984375, 1254.70166015625, 239.21926879882812, 436.5956726074219)), ('person', 0.9815008640289307, (113.26781463623047, 1429.58056640625, 246.2863006591797, 617.769775390625)), ('person', 0.8847442269325256, (1641.21240234375, 1073.930908203125, 79.19532012939453, 248.65415954589844)), ('person', 0.8080637454986572, (2157.572021484375, 1030.02587890625, 48.464298248291016, 86.72760009765625))]

310_frame
[('person', 0.997723400592804, (524.8253173828125, 1345.476806640625, 321.854736328125, 546.89501953125)), ('person', 0.9902499318122864, (110.1876449584961, 1389.9664306640625, 236.71263122558594, 577.48828125)), ('person', 0.8729397654533386, (2008.1517333984375, 1090.6214599609375, 67.83551788330078, 226.36814880371094)), ('person', 0.8721268177032471, (1751.8438720703125, 1021.7678833007812, 46.94919204711914, 90.65557098388672)), ('person', 0.7766634225845337, (3785.118408203125, 1411.859375, 107.25173950195312, 535.1184692382812)), ('person', 0.6588442921638489, (1898.6402587890625, 1047.52734375, 85.95795440673828, 140.5618133544922)), ('tvmonitor', 0.5668520331382751, (1226.335693359375, 898.72216796875, 119.13167572021484, 66.7705307006836)), ('person', 0.5403673052787781, (2460.51708984375, 1041.1986083984375, 41.324222564697266, 78.68660736083984))]

315_frame
[('person', 0.9942660927772522, (336.24169921875, 1290.0572509765625, 243.0087432861328, 507.54351806640625)), ('person', 0.9707139730453491, (1186.5010986328125, 1123.2227783203125, 92.11643981933594, 262.1544189453125)), ('person', 0.9644519686698914, (1080.7335205078125, 1100.97021484375, 92.78457641601562, 254.87689208984375)), ('person', 0.9543371200561523, (42.44028854370117, 1421.3802490234375, 85.89655303955078, 565.0905151367188)), ('person', 0.9158656001091003, (3723.805908203125, 1383.8656005859375, 241.10699462890625, 537.7283935546875)), ('tvmonitor', 0.6985236406326294, (483.85186767578125, 915.927978515625, 120.19429016113281, 61.779991149902344)), ('suitcase', 0.6294911503791809, (986.4157104492188, 1228.857666015625, 183.31573486328125, 128.85125732421875))]

320_frame
[('person', 0.9922264218330383, (346.2797546386719, 1325.3082275390625, 390.1897888183594, 554.54541015625)), ('person', 0.9772818684577942, (82.15582275390625, 1387.1727294921875, 182.37576293945312, 543.1477661132812)), ('person', 0.8851348161697388, (529.8828735351562, 1133.5478515625, 105.95293426513672, 186.121826171875)), ('person', 0.8609265685081482, (3765.733154296875, 1406.690185546875, 139.7140350341797, 584.654296875)), ('tvmonitor', 0.7556155323982239, (2166.872314453125, 940.4931030273438, 91.09095001220703, 141.19595336914062)), ('person', 0.6413285136222839, (1055.556640625, 1020.5767822265625, 45.43323516845703, 125.99983978271484)), ('person', 0.5133903622627258, (1085.1817626953125, 1022.031982421875, 40.4372673034668, 97.35125732421875))]

325_frame
[('person', 0.9904299974441528, (71.55770874023438, 1399.8387451171875, 150.7917022705078, 569.7123413085938)), ('person', 0.9873267412185669, (327.1065979003906, 1334.89697265625, 303.8559875488281, 593.5487060546875)), ('tvmonitor', 0.966449499130249, (2341.940185546875, 948.242431640625, 221.19674682617188, 301.64434814453125)), ('person', 0.9459339380264282, (3751.6533203125, 1340.5380859375, 178.11766052246094, 543.250244140625)), ('person', 0.9207492470741272, (919.7206420898438, 1020.4254760742188, 47.651458740234375, 104.7017822265625)), ('person', 0.700111985206604, (989.8875122070312, 1001.246337890625, 47.633270263671875, 84.68733215332031))]

330_frame
[('tvmonitor', 0.9887181520462036, (2841.419189453125, 955.182373046875, 613.5381469726562, 423.1932067871094)), ('person', 0.9875143766403198, (3762.087158203125, 1400.0401611328125, 157.52615356445312, 600.4900512695312)), ('person', 0.9867284297943115, (333.25640869140625, 1318.51611328125, 323.5010681152344, 575.9447631835938)), ('person', 0.9828366041183472, (78.61466979980469, 1377.61572265625, 173.77001953125, 564.613037109375)), ('chair', 0.5265994668006897, (1140.157958984375, 1098.97412109375, 95.6209716796875, 67.96300506591797)), ('chair', 0.5252572894096375, (953.0574951171875, 1382.7125244140625, 322.6011047363281, 276.8716125488281)), ('person', 0.51540607213974, (836.0108032226562, 1021.373291015625, 44.080013275146484, 92.21868896484375)), ('chair', 0.5067049264907837, (1148.51708984375, 1281.2169189453125, 161.41116333007812, 162.99969482421875))]

335_frame
[('person', 0.9833411574363708, (350.8420104980469, 1346.890380859375, 425.31878662109375, 591.0548095703125)), ('person', 0.9734002351760864, (3759.89306640625, 1337.9754638671875, 162.02772521972656, 507.04766845703125)), ('person', 0.9558638334274292, (78.73350524902344, 1402.1033935546875, 159.68386840820312, 603.6781616210938)), ('person', 0.9404873251914978, (2005.278564453125, 1043.8489990234375, 47.899559020996094, 139.05941772460938)), ('tvmonitor', 0.9367825388908386, (3448.4833984375, 947.1766357421875, 370.3110046386719, 340.3782958984375)), ('suitcase', 0.7547786235809326, (801.6239013671875, 1426.89599609375, 290.08917236328125, 167.4041748046875)), ('person', 0.6898038983345032, (996.16552734375, 1039.6739501953125, 76.54373931884766, 69.77930450439453)), ('suitcase', 0.6145692467689514, (516.0902709960938, 1285.83935546875, 142.03799438476562, 129.54478454589844)), ('person', 0.5134953260421753, (2308.266357421875, 1090.4461669921875, 98.5633773803711, 134.8635711669922))]

340_frame
[('person', 0.9956070780754089, (2299.65380859375, 1250.810791015625, 152.04029846191406, 406.2085266113281)), ('person', 0.9897634387016296, (368.6604919433594, 1316.901123046875, 345.29852294921875, 540.42138671875)), ('person', 0.9590210914611816, (71.92259216308594, 1397.3060302734375, 148.81307983398438, 513.97607421875)), ('person', 0.9508455395698547, (3746.116943359375, 1389.3349609375, 194.86734008789062, 611.9569091796875)), ('person', 0.7988595366477966, (2587.454345703125, 1168.986328125, 133.5005340576172, 138.26512145996094)), ('tvmonitor', 0.7670285105705261, (3684.490234375, 948.07958984375, 146.91500854492188, 188.47544860839844)), ('person', 0.5540381073951721, (1441.425537109375, 1033.6259765625, 50.955291748046875, 62.41646957397461))]

345_frame
[('person', 0.993676483631134, (314.6623840332031, 1312.1947021484375, 329.97418212890625, 527.8493041992188)), ('person', 0.9759933352470398, (3766.9208984375, 1398.852783203125, 146.3072509765625, 598.1130981445312)), ('person', 0.9687885046005249, (84.38238525390625, 1385.877197265625, 180.64102172851562, 561.4125366210938)), ('person', 0.9664604067802429, (2968.23828125, 1410.2515869140625, 402.0600280761719, 638.5140991210938)), ('suitcase', 0.7561435699462891, (1496.8697509765625, 1347.02197265625, 227.1912841796875, 152.50042724609375)), ('person', 0.7230445146560669, (2366.648193359375, 1201.278564453125, 102.11146545410156, 219.01065063476562)), ('suitcase', 0.6376438736915588, (1236.7320556640625, 1241.169677734375, 160.45132446289062, 110.18408203125)), ('person', 0.5525255799293518, (1222.199462890625, 1143.8310546875, 111.26380157470703, 116.81492614746094))]

350_frame
[('person', 0.9923219680786133, (3600.63525390625, 1235.22216796875, 164.5967254638672, 410.8440856933594)), ('person', 0.989983320236206, (319.35400390625, 1391.2840576171875, 357.5429382324219, 622.7451782226562)), ('person', 0.9706228375434875, (1278.9423828125, 1335.6395263671875, 333.1925354003906, 273.8182373046875)), ('person', 0.9480557441711426, (58.1093635559082, 1412.698486328125, 122.73870086669922, 542.2509155273438)), ('person', 0.9015846252441406, (3717.48828125, 1429.08251953125, 256.2242431640625, 672.8212890625)), ('person', 0.8858956694602966, (1339.84814453125, 1053.628662109375, 65.9271240234375, 170.99636840820312)), ('person', 0.8460597395896912, (1796.197021484375, 1038.010009765625, 42.6329345703125, 114.9286117553711)), ('chair', 0.8380306363105774, (837.6605834960938, 1419.139892578125, 397.8991394042969, 265.104248046875)), ('person', 0.7209780812263489, (1089.7861328125, 1073.631103515625, 80.99747467041016, 183.35293579101562)), ('person', 0.6586628556251526, (829.1532592773438, 1019.18701171875, 46.54249572753906, 100.37296295166016)), ('person', 0.6142339706420898, (1854.096923828125, 1031.2816162109375, 39.42870330810547, 103.075927734375)), ('chair', 0.5066201686859131, (1139.4163818359375, 1190.6304931640625, 149.01895141601562, 143.78805541992188))]

355_frame
[('person', 0.9937465190887451, (3675.75439453125, 1393.5670166015625, 329.94024658203125, 596.207763671875)), ('person', 0.9873722791671753, (281.6683044433594, 1382.471923828125, 380.22509765625, 656.9257202148438)), ('person', 0.9821697473526001, (3780.5087890625, 1105.91650390625, 93.59376525878906, 280.4497985839844)), ('person', 0.9434481263160706, (378.591552734375, 1055.0552978515625, 72.46399688720703, 180.35487365722656)), ('person', 0.8290372490882874, (1883.8907470703125, 1052.721923828125, 52.77323913574219, 125.1144790649414)), ('person', 0.5816311836242676, (1795.9527587890625, 1052.280517578125, 69.29991149902344, 158.1435089111328)), ('person', 0.5513415336608887, (638.076904296875, 1147.053955078125, 152.29005432128906, 149.12115478515625))]

360_frame
[('person', 0.9946786165237427, (371.1929931640625, 1312.5198974609375, 322.62738037109375, 572.3501586914062)), ('person', 0.9675522446632385, (76.86470794677734, 1401.6373291015625, 162.3188934326172, 545.3223266601562)), ('person', 0.9404882192611694, (3702.812744140625, 1415.921630859375, 278.13385009765625, 624.7085571289062)), ('person', 0.9065892100334167, (509.6636657714844, 1043.712646484375, 63.16643524169922, 189.11932373046875)), ('person', 0.8892074227333069, (2441.36279296875, 1107.074462890625, 85.8979263305664, 177.909912109375)), ('person', 0.8689231872558594, (2553.748046875, 1100.837158203125, 71.8639144897461, 153.35821533203125)), ('person', 0.8310458660125732, (1708.3359375, 995.1995239257812, 49.131534576416016, 100.35568237304688))]

365_frame
[('person', 0.9761328101158142, (1943.9462890625, 1024.8572998046875, 47.58956527709961, 137.05540466308594)), ('person', 0.9682216048240662, (3731.61328125, 1381.816650390625, 226.0759735107422, 579.5479125976562)), ('person', 0.9540669322013855, (122.71465301513672, 1282.90966796875, 228.60702514648438, 468.1538391113281)), ('person', 0.885443389415741, (3071.455078125, 1099.662841796875, 72.94815826416016, 178.55325317382812)), ('person', 0.8576910495758057, (2129.8076171875, 1026.6341552734375, 39.303802490234375, 89.76282501220703)), ('person', 0.7806263566017151, (2967.7109375, 1124.54638671875, 99.07405853271484, 210.6820526123047)), ('chair', 0.6240617632865906, (1069.4112548828125, 1249.64453125, 189.74774169921875, 176.57492065429688))]

370_frame
[('person', 0.9879135489463806, (3517.67529296875, 1096.314697265625, 84.62948608398438, 210.87557983398438)), ('person', 0.9835221171379089, (3754.160888671875, 1352.28076171875, 182.9983673095703, 555.691650390625)), ('person', 0.9799858331680298, (2077.391357421875, 1069.96875, 89.46936798095703, 209.0106201171875)), ('person', 0.9643726348876953, (1939.8170166015625, 1044.996826171875, 48.51765823364258, 96.15805053710938)), ('person', 0.8772901892662048, (3320.6181640625, 1097.3115234375, 97.75173950195312, 195.51229858398438)), ('person', 0.8312310576438904, (67.00975036621094, 1400.3704833984375, 145.29342651367188, 580.6224365234375)), ('person', 0.7926872968673706, (1244.515869140625, 1142.67041015625, 112.00170135498047, 164.7489776611328)), ('person', 0.7016488313674927, (868.8041381835938, 1089.7720947265625, 67.67888641357422, 75.35552215576172))]

375_frame
[('person', 0.9465944766998291, (89.05638122558594, 1409.7532958984375, 186.9284210205078, 536.1552734375)), ('person', 0.9456426501274109, (953.2594604492188, 1148.348876953125, 119.75521850585938, 142.53414916992188)), ('person', 0.9378618001937866, (3759.712646484375, 1428.12841796875, 166.242919921875, 585.302734375)), ('person', 0.707892656326294, (825.0950927734375, 1295.298095703125, 212.8643798828125, 202.97215270996094)), ('person', 0.6692569851875305, (839.6098022460938, 1030.0462646484375, 56.41584777832031, 94.35475158691406)), ('suitcase', 0.6339853405952454, (1500.2767333984375, 1252.4970703125, 210.63414001464844, 170.37506103515625)), ('person', 0.5261159539222717, (1034.19580078125, 1335.0494384765625, 184.5600128173828, 166.1354522705078))]

380_frame
[('person', 0.9776942133903503, (3700.923095703125, 1420.979736328125, 306.160400390625, 602.4710693359375)), ('person', 0.7683249711990356, (1983.1141357421875, 1031.653076171875, 48.385581970214844, 101.55259704589844)), ('person', 0.7235103249549866, (1233.9246826171875, 1138.55615234375, 113.96408081054688, 141.8795623779297)), ('bench', 0.6696463227272034, (1340.393310546875, 1180.97509765625, 208.74330139160156, 173.48648071289062)), ('person', 0.6423509120941162, (62.83937072753906, 1493.6480712890625, 129.10205078125, 495.6549987792969)), ('person', 0.6094592213630676, (3126.654541015625, 1069.5, 63.817440032958984, 157.28514099121094)), ('person', 0.5824864506721497, (1760.06982421875, 1034.24853515625, 44.44293212890625, 126.65947723388672))]

385_frame
[('person', 0.8641793131828308, (684.8594360351562, 1029.90673828125, 51.81275177001953, 140.50718688964844)), ('person', 0.8085933923721313, (1806.820556640625, 1151.1268310546875, 123.96585083007812, 148.05426025390625)), ('person', 0.6023139357566833, (2496.231689453125, 1143.826416015625, 88.24510955810547, 138.6548309326172)), ('person', 0.5476528406143188, (158.467529296875, 1547.302734375, 334.684326171875, 322.52679443359375))]

390_frame
[('person', 0.9246253967285156, (723.680908203125, 1041.90234375, 53.66546630859375, 150.3075714111328)), ('person', 0.7901479601860046, (2567.8125, 1054.8582763671875, 62.94831848144531, 161.049072265625)), ('person', 0.6081737875938416, (1805.7049560546875, 1151.0242919921875, 118.30213165283203, 149.19815063476562))]
