[2, 0, 0, 0, 0, 0, 0, 0] check 250.0
[0, 2, 0, 0, 0, 0, 0, 0] right 244.5
[0, 0, 2, 0, 0, 0, 0, 0] right 239.055
[0, 0, 0, 2, 0, 0, 0, 0] right 233.66445
[0, 0, 0, 0, 2, 0, 0, 0] left -981.1695
[0, 0, 0, 0, 0, 2, 0, 0] left 233.6644500000001
[0, 0, 0, 0, 0, 0, 2, 0] left 239.055
[0, 0, 0, 0, 0, 0, 0, 2] left 244.5
[3, 0, 0, 0, 0, 0, 0, 0] check 250.0
[1, 2, 0, 0, 0, 0, 0, 0] check -257.94499999999994
[1, 0, 2, 0, 0, 0, 0, 0] right 239.055
[1, 0, 0, 2, 0, 0, 0, 0] right 223.04452744499997
[1, 0, 0, 0, 2, 0, 0, 0] right -2647.6115989908626
[1, 0, 0, 0, 0, 2, 0, 0] right 212.63594134884454
[1, 0, 0, 0, 0, 0, 2, 0] left -995.0
[1, 0, 0, 0, 0, 0, 0, 2] left -500.0
[2, 1, 0, 0, 0, 0, 0, 0] check 250.0
[0, 3, 0, 0, 0, 0, 0, 0] right 197.5
[0, 1, 2, 0, 0, 0, 0, 0] right 192.055
[0, 1, 0, 2, 0, 0, 0, 0] right -263.33555
[0, 1, 0, 0, 2, 0, 0, 0] left 228.3278055
[0, 1, 0, 0, 0, 2, 0, 0] left 233.66445000000002
[0, 1, 0, 0, 0, 0, 2, 0] left 239.055
[0, 1, 0, 0, 0, 0, 0, 2] left -500.0
[3, 1, 0, 0, 0, 0, 0, 0] check 250.0
[1, 3, 0, 0, 0, 0, 0, 0] right 197.5
[1, 1, 2, 0, 0, 0, 0, 0] right 192.055
[1, 1, 0, 2, 0, 0, 0, 0] right 186.66445000000004
[1, 1, 0, 0, 2, 0, 0, 0] right -1767.98043779945
[1, 1, 0, 0, 0, 2, 0, 0] left 223.044527445
[1, 1, 0, 0, 0, 0, 2, 0] left 134.7978055
[1, 1, 0, 0, 0, 0, 0, 2] left 244.5
[2, 0, 1, 0, 0, 0, 0, 0] check 250.0
[0, 2, 1, 0, 0, 0, 0, 0] right 244.5
[0, 0, 3, 0, 0, 0, 0, 0] right 192.52499999999998
[0, 0, 1, 2, 0, 0, 0, 0] right -258.36555
[0, 0, 1, 0, 2, 0, 0, 0] left 217.81408217055
[0, 0, 1, 0, 0, 2, 0, 0] left 233.66445000000002
[0, 0, 1, 0, 0, 0, 2, 0] left 239.055
[0, 0, 1, 0, 0, 0, 0, 2] left 244.5
[3, 0, 1, 0, 0, 0, 0, 0] check 250.0
[1, 2, 1, 0, 0, 0, 0, 0] right 244.5
[1, 0, 3, 0, 0, 0, 0, 0] right 192.525
[1, 0, 1, 2, 0, 0, 0, 0] right -801.699225555
[1, 0, 1, 0, 2, 0, 0, 0] left -1720.98043779945
[1, 0, 1, 0, 0, 2, 0, 0] check -821.9981116511556
[1, 0, 1, 0, 0, 0, 2, 0] left 239.05500000000006
[1, 0, 1, 0, 0, 0, 0, 2] left -500.0
[2, 1, 1, 0, 0, 0, 0, 0] check 250.0
[0, 3, 1, 0, 0, 0, 0, 0] right -500.0
[0, 1, 3, 0, 0, 0, 0, 0] right 145.52499999999998
[0, 1, 1, 2, 0, 0, 0, 0] right 140.13445000000007
[0, 1, 1, 0, 2, 0, 0, 0] right -29.306174912086114
[0, 1, 1, 0, 0, 2, 0, 0] left 223.044527445
[0, 1, 1, 0, 0, 0, 2, 0] left 239.055
[0, 1, 1, 0, 0, 0, 0, 2] left 244.5
[3, 1, 1, 0, 0, 0, 0, 0] check 250.0
[1, 3, 1, 0, 0, 0, 0, 0] right 197.5
[1, 1, 3, 0, 0, 0, 0, 0] right -1293.4159475
[1, 1, 1, 2, 0, 0, 0, 0] right 140.13445000000002
[1, 1, 1, 0, 2, 0, 0, 0] left 217.81408217055002
[1, 1, 1, 0, 0, 2, 0, 0] left 233.66445000000002
[1, 1, 1, 0, 0, 0, 2, 0] left 239.055
[1, 1, 1, 0, 0, 0, 0, 2] left 244.5
[2, 0, 0, 1, 0, 0, 0, 0] check 250.0
[0, 2, 0, 1, 0, 0, 0, 0] right -500.0
[0, 0, 2, 1, 0, 0, 0, 0] right 239.055
[0, 0, 0, 3, 0, 0, 0, 0] right -308.0039159127347
[0, 0, 0, 1, 2, 0, 0, 0] right -1692.702927087241
[0, 0, 0, 1, 0, 2, 0, 0] left 233.66445000000002
[0, 0, 0, 1, 0, 0, 2, 0] left 239.055
[0, 0, 0, 1, 0, 0, 0, 2] left 244.5
[3, 0, 0, 1, 0, 0, 0, 0] check 250.0
[1, 2, 0, 1, 0, 0, 0, 0] right -500.0
[1, 0, 2, 1, 0, 0, 0, 0] right 239.055
[1, 0, 0, 3, 0, 0, 0, 0] left 149.93008231688026
[1, 0, 0, 1, 2, 0, 0, 0] right -314.73689449999983
[1, 0, 0, 1, 0, 2, 0, 0] check -1786.7688606062943
[1, 0, 0, 1, 0, 0, 2, 0] left -257.945
[1, 0, 0, 1, 0, 0, 0, 2] right 244.50000000000006
[2, 1, 0, 1, 0, 0, 0, 0] check 250.0
[0, 3, 0, 1, 0, 0, 0, 0] right 197.5
[0, 1, 2, 1, 0, 0, 0, 0] right 182.26310550000002
[0, 1, 0, 3, 0, 0, 0, 0] right 140.59975000000009
[0, 1, 0, 1, 2, 0, 0, 0] left -750.8118945
[0, 1, 0, 1, 0, 2, 0, 0] left 223.04452744499986
[0, 1, 0, 1, 0, 0, 2, 0] left -257.945
[0, 1, 0, 1, 0, 0, 0, 2] left 244.5
[3, 1, 0, 1, 0, 0, 0, 0] check 250.0
[1, 3, 0, 1, 0, 0, 0, 0] right -500.0
[1, 1, 2, 1, 0, 0, 0, 0] right 192.055
[1, 1, 0, 3, 0, 0, 0, 0] right 38.301814974999985
[1, 1, 0, 1, 2, 0, 0, 0] left -1833.0809110604575
[1, 1, 0, 1, 0, 2, 0, 0] right -320.020172555
[1, 1, 0, 1, 0, 0, 2, 0] left -995.0
[1, 1, 0, 1, 0, 0, 0, 2] left -500.0
[2, 0, 1, 1, 0, 0, 0, 0] check 250.0
[0, 2, 1, 1, 0, 0, 0, 0] right 244.5
[0, 0, 3, 1, 0, 0, 0, 0] right -1293.4159475000001
[0, 0, 1, 3, 0, 0, 0, 0] right -901.0539110183025
[0, 0, 1, 1, 2, 0, 0, 0] right -351.788775555
[0, 0, 1, 1, 0, 2, 0, 0] left 233.66445000000002
[0, 0, 1, 1, 0, 0, 2, 0] left 239.055
[0, 0, 1, 1, 0, 0, 0, 2] left 244.5
[3, 0, 1, 1, 0, 0, 0, 0] check 250.0
[1, 2, 1, 1, 0, 0, 0, 0] right 244.5
[1, 0, 3, 1, 0, 0, 0, 0] right -498.0
[1, 0, 1, 3, 0, 0, 0, 0] left 177.89651497499997
[1, 0, 1, 1, 2, 0, 0, 0] left -852.5421439959895
[1, 0, 1, 1, 0, 2, 0, 0] left 233.66445000000002
[1, 0, 1, 1, 0, 0, 2, 0] left -257.945
[1, 0, 1, 1, 0, 0, 0, 2] left -500.0
[2, 1, 1, 1, 0, 0, 0, 0] check 250.0
[0, 3, 1, 1, 0, 0, 0, 0] right 197.5
[0, 1, 3, 1, 0, 0, 0, 0] right 145.525
[0, 1, 1, 3, 0, 0, 0, 0] left -810.8522286730025
[0, 1, 1, 1, 2, 0, 0, 0] right -12.532683299449985
[0, 1, 1, 1, 0, 2, 0, 0] left 233.66445000000002
[0, 1, 1, 1, 0, 0, 2, 0] left 239.055
[0, 1, 1, 1, 0, 0, 0, 2] left 244.5
[3, 1, 1, 1, 0, 0, 0, 0] check 250.0
[1, 3, 1, 1, 0, 0, 0, 0] right 197.5
[1, 1, 3, 1, 0, 0, 0, 0] right -351.43025
[1, 1, 1, 3, 0, 0, 0, 0] right -1127.317955
[1, 1, 1, 1, 2, 0, 0, 0] left 228.3278055
[1, 1, 1, 1, 0, 2, 0, 0] left 233.66445000000002
[1, 1, 1, 1, 0, 0, 2, 0] left 239.055
[1, 1, 1, 1, 0, 0, 0, 2] left 244.5
[2, 0, 0, 0, 1, 0, 0, 0] check 250.0
[0, 2, 0, 0, 1, 0, 0, 0] right -500.0
[0, 0, 2, 0, 1, 0, 0, 0] check -1253.2219434366052
[0, 0, 0, 2, 1, 0, 0, 0] right 233.66445000000002
[0, 0, 0, 0, 3, 0, 0, 0] right -414.23766723933045
[0, 0, 0, 0, 1, 2, 0, 0] left 223.04452744499997
[0, 0, 0, 0, 1, 0, 2, 0] left 239.055
[0, 0, 0, 0, 1, 0, 0, 2] check -257.945
[3, 0, 0, 0, 1, 0, 0, 0] check 250.0
[1, 2, 0, 0, 1, 0, 0, 0] right 244.5
[1, 0, 2, 0, 1, 0, 0, 0] right 125.68002917055
[1, 0, 0, 2, 1, 0, 0, 0] check -1044.5351089176595
[1, 0, 0, 0, 3, 0, 0, 0] left 182.72375250000005
[1, 0, 0, 0, 1, 2, 0, 0] left -765.985472555
[1, 0, 0, 0, 1, 0, 2, 0] left 239.055
[1, 0, 0, 0, 1, 0, 0, 2] left 244.5
[2, 1, 0, 0, 1, 0, 0, 0] check 250.0
[0, 3, 0, 0, 1, 0, 0, 0] right 197.5
[0, 1, 2, 0, 1, 0, 0, 0] right -257.945
[0, 1, 0, 2, 1, 0, 0, 0] left -1006.0860971504999
[0, 1, 0, 0, 3, 0, 0, 0] left 163.7025105837275
[0, 1, 0, 0, 1, 2, 0, 0] left -1963.387805
[0, 1, 0, 0, 1, 0, 2, 0] right -1312.5209436388402
[0, 1, 0, 0, 1, 0, 0, 2] right 129.979827445
[3, 1, 0, 0, 1, 0, 0, 0] check 250.0
[1, 3, 0, 0, 1, 0, 0, 0] right 197.5
[1, 1, 2, 0, 1, 0, 0, 0] right 192.05500000000006
[1, 1, 0, 2, 1, 0, 0, 0] left -528.4254745712232
[1, 1, 0, 0, 3, 0, 0, 0] left 173.11754982525002
[1, 1, 0, 0, 1, 2, 0, 0] left 176.514527445
[1, 1, 0, 0, 1, 0, 2, 0] left -995.0
[1, 1, 0, 0, 1, 0, 0, 2] left 244.5
[2, 0, 1, 0, 1, 0, 0, 0] check 250.0
[0, 2, 1, 0, 1, 0, 0, 0] right 244.5
[0, 0, 3, 0, 1, 0, 0, 0] right -498.0
[0, 0, 1, 2, 1, 0, 0, 0] right 122.33535600354459
[0, 0, 1, 0, 3, 0, 0, 0] left -304.342088025
[0, 0, 1, 0, 1, 2, 0, 0] left -984.149202
[0, 0, 1, 0, 1, 0, 2, 0] left 239.055
[0, 0, 1, 0, 1, 0, 0, 2] left -500.0
[3, 0, 1, 0, 1, 0, 0, 0] check 250.0
[1, 2, 1, 0, 1, 0, 0, 0] check -257.94499999999994
[1, 0, 3, 0, 1, 0, 0, 0] left -1352.9013381430022
[1, 0, 1, 2, 1, 0, 0, 0] right 187.13445000000002
[1, 0, 1, 0, 3, 0, 0, 0] left 182.7237525
[1, 0, 1, 0, 1, 2, 0, 0] left -258.36555
[1, 0, 1, 0, 1, 0, 2, 0] left 239.055
[1, 0, 1, 0, 1, 0, 0, 2] left 244.5
[2, 1, 1, 0, 1, 0, 0, 0] check 250.0
[0, 3, 1, 0, 1, 0, 0, 0] right 197.5
[0, 1, 3, 0, 1, 0, 0, 0] right -304.475
[0, 1, 1, 2, 1, 0, 0, 0] left -1127.317955
[0, 1, 1, 0, 3, 0, 0, 0] right -629.3320629799999
[0, 1, 1, 0, 1, 2, 0, 0] left -1726.1585786211554
[0, 1, 1, 0, 1, 0, 2, 0] right 78.68002917055003
[0, 1, 1, 0, 1, 0, 0, 2] left -500.0
[3, 1, 1, 0, 1, 0, 0, 0] check 250.0
[1, 3, 1, 0, 1, 0, 0, 0] right 197.5
[1, 1, 3, 0, 1, 0, 0, 0] left -308.93954421657253
[1, 1, 1, 2, 1, 0, 0, 0] right 140.13445000000002
[1, 1, 1, 0, 3, 0, 0, 0] right 89.19375249999999
[1, 1, 1, 0, 1, 2, 0, 0] left -496.02
[1, 1, 1, 0, 1, 0, 2, 0] check -1253.0951725549999
[1, 1, 1, 0, 1, 0, 0, 2] left 244.5
[2, 0, 0, 1, 1, 0, 0, 0] check 250.0
[0, 2, 0, 1, 1, 0, 0, 0] right 244.5
[0, 0, 2, 1, 1, 0, 0, 0] right 239.055
[0, 0, 0, 3, 1, 0, 0, 0] left -359.73753802500005
[0, 0, 0, 1, 3, 0, 0, 0] right -2285.00233764328
[0, 0, 0, 1, 1, 2, 0, 0] right 76.72669653354455
[0, 0, 0, 1, 1, 0, 2, 0] left 228.3278055
[0, 0, 0, 1, 1, 0, 0, 2] left 244.5
[3, 0, 0, 1, 1, 0, 0, 0] check 250.0
[1, 2, 0, 1, 1, 0, 0, 0] right 244.5
[1, 0, 2, 1, 1, 0, 0, 0] right -498.0
[1, 0, 0, 3, 1, 0, 0, 0] right 187.59975
[1, 0, 0, 1, 3, 0, 0, 0] left -332.96451452210977
[1, 0, 0, 1, 1, 2, 0, 0] right -305.258775555
[1, 0, 0, 1, 1, 0, 2, 0] right -370.8546708294498
[1, 0, 0, 1, 1, 0, 0, 2] left -500.0
[2, 1, 0, 1, 1, 0, 0, 0] check 250.0
[0, 3, 0, 1, 1, 0, 0, 0] right 197.5
[0, 1, 2, 1, 1, 0, 0, 0] right -545.0
[0, 1, 0, 3, 1, 0, 0, 0] right -2744.734064186572
[0, 1, 0, 1, 3, 0, 0, 0] left 182.7237525
[0, 1, 0, 1, 1, 2, 0, 0] left -1253.0951725549999
[0, 1, 0, 1, 1, 0, 2, 0] left 239.055
[0, 1, 0, 1, 1, 0, 0, 2] left -500.0
[3, 1, 0, 1, 1, 0, 0, 0] check 250.0
[1, 3, 0, 1, 1, 0, 0, 0] right 197.5
[1, 1, 2, 1, 1, 0, 0, 0] right 192.055
[1, 1, 0, 3, 1, 0, 0, 0] right 38.301814974999985
[1, 1, 0, 1, 3, 0, 0, 0] right -379.0292145221099
[1, 1, 0, 1, 1, 2, 0, 0] left -258.36555
[1, 1, 0, 1, 1, 0, 2, 0] left -995.0
[1, 1, 0, 1, 1, 0, 0, 2] left 244.5
[2, 0, 1, 1, 1, 0, 0, 0] check 250.0
[0, 2, 1, 1, 1, 0, 0, 0] right 244.5
[0, 0, 3, 1, 1, 0, 0, 0] right 192.525
[0, 0, 1, 3, 1, 0, 0, 0] right 141.06975
[0, 0, 1, 1, 3, 0, 0, 0] left -801.3859474999999
[0, 0, 1, 1, 1, 2, 0, 0] left 212.63594134884448
[0, 0, 1, 1, 1, 0, 2, 0] left 239.055
[0, 0, 1, 1, 1, 0, 0, 2] left 244.5
[3, 0, 1, 1, 1, 0, 0, 0] check 250.0
[1, 2, 1, 1, 1, 0, 0, 0] right -500.0
[1, 0, 3, 1, 1, 0, 0, 0] right -304.475
[1, 0, 1, 3, 1, 0, 0, 0] right 141.06975
[1, 0, 1, 1, 3, 0, 0, 0] right 90.1290525
[1, 0, 1, 1, 1, 2, 0, 0] left 233.66445000000002
[1, 0, 1, 1, 1, 0, 2, 0] left -995.0
[1, 0, 1, 1, 1, 0, 0, 2] left 244.5
[2, 1, 1, 1, 1, 0, 0, 0] check 250.0
[0, 3, 1, 1, 1, 0, 0, 0] right 197.5
[0, 1, 3, 1, 1, 0, 0, 0] right 145.52499999999998
[0, 1, 1, 3, 1, 0, 0, 0] left 132.292461975
[0, 1, 1, 1, 3, 0, 0, 0] left -1016.7178828028864
[0, 1, 1, 1, 1, 2, 0, 0] left 233.66445000000002
[0, 1, 1, 1, 1, 0, 2, 0] left 239.055
[0, 1, 1, 1, 1, 0, 0, 2] left 244.5
[3, 1, 1, 1, 1, 0, 0, 0] check 250.0
[1, 3, 1, 1, 1, 0, 0, 0] right 197.5
[1, 1, 3, 1, 1, 0, 0, 0] right 145.525
[1, 1, 1, 3, 1, 0, 0, 0] right -502.72921564475007
[1, 1, 1, 1, 3, 0, 0, 0] left -1046.462756833695
[1, 1, 1, 1, 1, 2, 0, 0] left 233.66445000000002
[1, 1, 1, 1, 1, 0, 2, 0] left 239.055
[1, 1, 1, 1, 1, 0, 0, 2] left -500.0
[2, 0, 0, 0, 0, 1, 0, 0] check 250.0
[0, 2, 0, 0, 0, 1, 0, 0] right 244.5
[0, 0, 2, 0, 0, 1, 0, 0] right -257.945
[0, 0, 0, 2, 0, 1, 0, 0] left -1263.5037586511555
[0, 0, 0, 0, 2, 1, 0, 0] right 207.50958193535604
[0, 0, 0, 0, 0, 3, 0, 0] left -988.05
[0, 0, 0, 0, 0, 1, 2, 0] check -263.33555
[0, 0, 0, 0, 0, 1, 0, 2] left 244.5
[3, 0, 0, 0, 0, 1, 0, 0] check 250.0
[1, 2, 0, 0, 0, 1, 0, 0] right -500.0
[1, 0, 2, 0, 0, 1, 0, 0] right -498.0
[1, 0, 0, 2, 0, 1, 0, 0] right 233.66445000000002
[1, 0, 0, 0, 2, 1, 0, 0] check -1519.6236306836158
[1, 0, 0, 0, 0, 3, 0, 0] left -492.119202
[1, 0, 0, 0, 0, 1, 2, 0] check -1740.5642208294498
[1, 0, 0, 0, 0, 1, 0, 2] left 244.5
[2, 1, 0, 0, 0, 1, 0, 0] check 250.0
[0, 3, 0, 0, 0, 1, 0, 0] right 197.5
[0, 1, 2, 0, 0, 1, 0, 0] right -545.0
[0, 1, 0, 2, 0, 1, 0, 0] right 186.66445000000002
[0, 1, 0, 0, 2, 1, 0, 0] right -268.6721945
[0, 1, 0, 0, 0, 3, 0, 0] left 187.59975
[0, 1, 0, 0, 0, 1, 2, 0] left -498.0
[0, 1, 0, 0, 0, 1, 0, 2] left 244.5
[3, 1, 0, 0, 0, 1, 0, 0] check 250.0
[1, 3, 0, 0, 0, 1, 0, 0] right 197.5
[1, 1, 2, 0, 0, 1, 0, 0] left 135.73310549999997
[1, 1, 0, 2, 0, 1, 0, 0] right -263.33555
[1, 1, 0, 0, 2, 1, 0, 0] right -760.7021944999999
[1, 1, 0, 0, 0, 3, 0, 0] left -304.43025
[1, 1, 0, 0, 0, 1, 2, 0] left 239.055
[1, 1, 0, 0, 0, 1, 0, 2] left 244.5
[2, 0, 1, 0, 0, 1, 0, 0] check 250.0
[0, 2, 1, 0, 0, 1, 0, 0] right 244.5
[0, 0, 3, 0, 0, 1, 0, 0] right 192.525
[0, 0, 1, 2, 0, 1, 0, 0] right -1039.55
[0, 0, 1, 0, 2, 1, 0, 0] right -981.1695
[0, 0, 1, 0, 0, 3, 0, 0] right 159.06548547789023
[0, 0, 1, 0, 0, 1, 2, 0] check -1485.05
[0, 0, 1, 0, 0, 1, 0, 2] left 244.5
[3, 0, 1, 0, 0, 1, 0, 0] check 250.0
[1, 2, 1, 0, 0, 1, 0, 0] right 244.5
[1, 0, 3, 0, 0, 1, 0, 0] right -304.475
[1, 0, 1, 2, 0, 1, 0, 0] left -821.5420711211555
[1, 0, 1, 0, 2, 1, 0, 0] left 182.26310550000005
[1, 0, 1, 0, 0, 3, 0, 0] left 187.59974999999997
[1, 0, 1, 0, 0, 1, 2, 0] left -257.945
[1, 0, 1, 0, 0, 1, 0, 2] left 244.5
[2, 1, 1, 0, 0, 1, 0, 0] check 250.0
[0, 3, 1, 0, 0, 1, 0, 0] right 197.5
[0, 1, 3, 0, 0, 1, 0, 0] right 145.525
[0, 1, 1, 2, 0, 1, 0, 0] right -1485.05
[0, 1, 1, 0, 2, 1, 0, 0] left 118.11200244350903
[0, 1, 1, 0, 0, 3, 0, 0] left 187.59975
[0, 1, 1, 0, 0, 1, 2, 0] left 228.3278055
[0, 1, 1, 0, 0, 1, 0, 2] left -500.0
[3, 1, 1, 0, 0, 1, 0, 0] check 250.0
[1, 3, 1, 0, 0, 1, 0, 0] right 197.5
[1, 1, 3, 0, 0, 1, 0, 0] right 145.52499999999998
[1, 1, 1, 2, 0, 1, 0, 0] left -320.020172555
[1, 1, 1, 0, 2, 1, 0, 0] left -406.2902550564909
[1, 1, 1, 0, 0, 3, 0, 0] right -884.9383671447499
[1, 1, 1, 0, 0, 1, 2, 0] left 239.055
[1, 1, 1, 0, 0, 1, 0, 2] left 244.5
[2, 0, 0, 1, 0, 1, 0, 0] check 250.0
[0, 2, 0, 1, 0, 1, 0, 0] right 244.5
[0, 0, 2, 1, 0, 1, 0, 0] right -498.0
[0, 0, 0, 3, 0, 1, 0, 0] right -304.2986671447502
[0, 0, 0, 1, 2, 1, 0, 0] right 163.26001491350902
[0, 0, 0, 1, 0, 3, 0, 0] left 187.59974999999997
[0, 0, 0, 1, 0, 1, 2, 0] left -494.0598
[0, 0, 0, 1, 0, 1, 0, 2] left 244.5
[3, 0, 0, 1, 0, 1, 0, 0] check 250.0
[1, 2, 0, 1, 0, 1, 0, 0] right 244.5
[1, 0, 2, 1, 0, 1, 0, 0] right -257.945
[1, 0, 0, 3, 0, 1, 0, 0] right -365.16818502500007
[1, 0, 0, 1, 2, 1, 0, 0] left -314.58952555499985
[1, 0, 0, 1, 0, 3, 0, 0] left 187.59975
[1, 0, 0, 1, 0, 1, 2, 0] left 239.055
[1, 0, 0, 1, 0, 1, 0, 2] left 244.5
[2, 1, 0, 1, 0, 1, 0, 0] check 250.0
[0, 3, 0, 1, 0, 1, 0, 0] right -500.0
[0, 1, 2, 1, 0, 1, 0, 0] right 192.055
[0, 1, 0, 3, 0, 1, 0, 0] left -1352.9013381430022
[0, 1, 0, 1, 2, 1, 0, 0] right 135.26310550000005
[0, 1, 0, 1, 0, 3, 0, 0] left 187.59975
[0, 1, 0, 1, 0, 1, 2, 0] left -498.0
[0, 1, 0, 1, 0, 1, 0, 2] left 244.5
[3, 1, 0, 1, 0, 1, 0, 0] check 250.0
[1, 3, 0, 1, 0, 1, 0, 0] left 197.5
[1, 1, 2, 1, 0, 1, 0, 0] left -567.8460831020453
[1, 1, 0, 3, 0, 1, 0, 0] right 140.59975
[1, 1, 0, 1, 2, 1, 0, 0] right -258.78189450000013
[1, 1, 0, 1, 0, 3, 0, 0] left -22.46614701395677
[1, 1, 0, 1, 0, 1, 2, 0] left 239.05500000000006
[1, 1, 0, 1, 0, 1, 0, 2] left 244.5
[2, 0, 1, 1, 0, 1, 0, 0] check 250.0
[0, 2, 1, 1, 0, 1, 0, 0] right 244.5
[0, 0, 3, 1, 0, 1, 0, 0] right -498.0
[0, 0, 1, 3, 0, 1, 0, 0] right -1343.8472380249998
[0, 0, 1, 1, 2, 1, 0, 0] left -1770.8551109664554
[0, 0, 1, 1, 0, 3, 0, 0] right -625.5780953502
[0, 0, 1, 1, 0, 1, 2, 0] left 239.05500000000006
[0, 0, 1, 1, 0, 1, 0, 2] left 244.5
[3, 0, 1, 1, 0, 1, 0, 0] check 250.0
[1, 2, 1, 1, 0, 1, 0, 0] right 244.5
[1, 0, 3, 1, 0, 1, 0, 0] right 192.525
[1, 0, 1, 3, 0, 1, 0, 0] right 141.06974999999989
[1, 0, 1, 1, 2, 1, 0, 0] right 135.73310550000002
[1, 0, 1, 1, 0, 3, 0, 0] right 76.25232132699745
[1, 0, 1, 1, 0, 1, 2, 0] left -995.0
[1, 0, 1, 1, 0, 1, 0, 2] left -500.0
[2, 1, 1, 1, 0, 1, 0, 0] check 250.0
[0, 3, 1, 1, 0, 1, 0, 0] right 197.5
[0, 1, 3, 1, 0, 1, 0, 0] right 145.525
[0, 1, 1, 3, 0, 1, 0, 0] right -309.21318502500003
[0, 1, 1, 1, 2, 1, 0, 0] left 182.26310550000002
[0, 1, 1, 1, 0, 3, 0, 0] check -323.8824501747499
[0, 1, 1, 1, 0, 1, 2, 0] left -257.945
[0, 1, 1, 1, 0, 1, 0, 2] left -500.0
[3, 1, 1, 1, 0, 1, 0, 0] check 250.0
[1, 3, 1, 1, 0, 1, 0, 0] right 197.5
[1, 1, 3, 1, 0, 1, 0, 0] right -304.475
[1, 1, 1, 3, 0, 1, 0, 0] left 131.83181497499993
[1, 1, 1, 1, 2, 1, 0, 0] left -797.6401664514553
[1, 1, 1, 1, 0, 3, 0, 0] left 187.59974999999997
[1, 1, 1, 1, 0, 1, 2, 0] left 181.7978055
[1, 1, 1, 1, 0, 1, 0, 2] left 244.5
[2, 0, 0, 0, 1, 1, 0, 0] check 250.0
[0, 2, 0, 0, 1, 1, 0, 0] right 244.5
[0, 0, 2, 0, 1, 1, 0, 0] right 239.055
[0, 0, 0, 2, 1, 1, 0, 0] right 233.66445000000022
[0, 0, 0, 0, 3, 1, 0, 0] left -850.5787610183023
[0, 0, 0, 0, 1, 3, 0, 0] left -304.4302499999999
[0, 0, 0, 0, 1, 1, 2, 0] right -575.359168948545
[0, 0, 0, 0, 1, 1, 0, 2] left 244.5
[3, 0, 0, 0, 1, 1, 0, 0] check 250.0
[1, 2, 0, 0, 1, 1, 0, 0] right 244.5
[1, 0, 2, 0, 1, 1, 0, 0] right 239.05500000000006
[1, 0, 0, 2, 1, 1, 0, 0] right 120.5018883488445
[1, 0, 0, 0, 3, 1, 0, 0] right 182.72375250000005
[1, 0, 0, 0, 1, 3, 0, 0] left 131.36651497500006
[1, 0, 0, 0, 1, 1, 2, 0] left -1483.0898
[1, 0, 0, 0, 1, 1, 0, 2] left 244.5
[2, 1, 0, 0, 1, 1, 0, 0] check 250.0
[0, 3, 0, 0, 1, 1, 0, 0] right 197.5
[0, 1, 2, 0, 1, 1, 0, 0] right 192.055
[0, 1, 0, 2, 1, 1, 0, 0] left 186.66445000000002
[0, 1, 0, 0, 3, 1, 0, 0] right 135.7237525
[0, 1, 0, 0, 1, 3, 0, 0] left -801.43025
[0, 1, 0, 0, 1, 1, 2, 0] left 239.055
[0, 1, 0, 0, 1, 1, 0, 2] left 244.5
[3, 1, 0, 0, 1, 1, 0, 0] check 250.0
[1, 3, 0, 0, 1, 1, 0, 0] left -500.0
[1, 1, 2, 0, 1, 1, 0, 0] right 192.055
[1, 1, 0, 2, 1, 1, 0, 0] right 186.66445000000002
[1, 1, 0, 0, 3, 1, 0, 0] left 81.90483735525
[1, 1, 0, 0, 1, 3, 0, 0] left 187.59975
[1, 1, 0, 0, 1, 1, 2, 0] left -995.0
[1, 1, 0, 0, 1, 1, 0, 2] left 244.5
[2, 0, 1, 0, 1, 1, 0, 0] check 250.0
[0, 2, 1, 0, 1, 1, 0, 0] check -257.945
[0, 0, 3, 0, 1, 1, 0, 0] right 182.7237525
[0, 0, 1, 2, 1, 1, 0, 0] right -309.86555
[0, 0, 1, 0, 3, 1, 0, 0] left -1293.4159475000001
[0, 0, 1, 0, 1, 3, 0, 0] right 187.59975
[0, 0, 1, 0, 1, 1, 2, 0] left -257.94499999999994
[0, 0, 1, 0, 1, 1, 0, 2] left 244.5
[3, 0, 1, 0, 1, 1, 0, 0] check 250.0
[1, 2, 1, 0, 1, 1, 0, 0] right -500.0
[1, 0, 3, 0, 1, 1, 0, 0] right 192.525
[1, 0, 1, 2, 1, 1, 0, 0] check -866.6946439964554
[1, 0, 1, 0, 3, 1, 0, 0] left 136.65905250000003
[1, 0, 1, 0, 1, 3, 0, 0] right -625.1266152254998
[1, 0, 1, 0, 1, 1, 2, 0] left 239.055
[1, 0, 1, 0, 1, 1, 0, 2] left 244.5
[2, 1, 1, 0, 1, 1, 0, 0] check 250.0
[0, 3, 1, 0, 1, 1, 0, 0] right 197.5
[0, 1, 3, 0, 1, 1, 0, 0] right 145.525
[0, 1, 1, 2, 1, 1, 0, 0] right 29.726696533544512
[0, 1, 1, 0, 3, 1, 0, 0] check -1397.619888873738
[0, 1, 1, 0, 1, 3, 0, 0] left -337.9345145221098
[0, 1, 1, 0, 1, 1, 2, 0] left -498.0
[0, 1, 1, 0, 1, 1, 0, 2] left -500.0
[3, 1, 1, 0, 1, 1, 0, 0] check 250.0
[1, 3, 1, 0, 1, 1, 0, 0] right 197.5
[1, 1, 3, 0, 1, 1, 0, 0] right 43.12905249999997
[1, 1, 1, 2, 1, 1, 0, 0] left -365.62422555499995
[1, 1, 1, 0, 3, 1, 0, 0] left 89.19375249999999
[1, 1, 1, 0, 1, 3, 0, 0] left 177.89651497499997
[1, 1, 1, 0, 1, 1, 2, 0] left 239.055
[1, 1, 1, 0, 1, 1, 0, 2] left 244.5
[2, 0, 0, 1, 1, 1, 0, 0] check 250.0
[0, 2, 0, 1, 1, 1, 0, 0] right 244.5
[0, 0, 2, 1, 1, 1, 0, 0] right 239.05500000000006
[0, 0, 0, 3, 1, 1, 0, 0] right 187.59974999999997
[0, 0, 0, 1, 3, 1, 0, 0] right 136.6590525
[0, 0, 0, 1, 1, 3, 0, 0] check -820.6436256730024
[0, 0, 0, 1, 1, 1, 2, 0] left 239.055
[0, 0, 0, 1, 1, 1, 0, 2] left 244.5
[3, 0, 0, 1, 1, 1, 0, 0] check 250.0
[1, 2, 0, 1, 1, 1, 0, 0] right 244.5
[1, 0, 2, 1, 1, 1, 0, 0] right 239.055
[1, 0, 0, 3, 1, 1, 0, 0] left -857.5221501747499
[1, 0, 0, 1, 3, 1, 0, 0] right -1032.1544999999999
[1, 0, 0, 1, 1, 3, 0, 0] left 187.59974999999997
[1, 0, 0, 1, 1, 1, 2, 0] right 181.79780549999987
[1, 0, 0, 1, 1, 1, 0, 2] right 21.796829419073987
[2, 1, 0, 1, 1, 1, 0, 0] check 250.0
[0, 3, 0, 1, 1, 1, 0, 0] right 197.5
[0, 1, 2, 1, 1, 1, 0, 0] right -257.94499999999994
[0, 1, 0, 3, 1, 1, 0, 0] left -583.787955
[0, 1, 0, 1, 3, 1, 0, 0] right -587.1244999999999
[0, 1, 0, 1, 1, 3, 0, 0] left -14.522870488302601
[0, 1, 0, 1, 1, 1, 2, 0] left 239.055
[0, 1, 0, 1, 1, 1, 0, 2] left -500.0
[3, 1, 0, 1, 1, 1, 0, 0] check 250.0
[1, 3, 0, 1, 1, 1, 0, 0] right 197.5
[1, 1, 2, 1, 1, 1, 0, 0] right 192.055
[1, 1, 0, 3, 1, 1, 0, 0] left 86.22776197500013
[1, 1, 0, 1, 3, 1, 0, 0] left 127.96953735525
[1, 1, 0, 1, 1, 3, 0, 0] left 187.59975
[1, 1, 0, 1, 1, 1, 2, 0] left 239.055
[1, 1, 0, 1, 1, 1, 0, 2] left 244.5
[2, 0, 1, 1, 1, 1, 0, 0] check 250.0
[0, 2, 1, 1, 1, 1, 0, 0] right 244.5
[0, 0, 3, 1, 1, 1, 0, 0] right 192.525
[0, 0, 1, 3, 1, 1, 0, 0] right -355.93025
[0, 0, 1, 1, 3, 1, 0, 0] left 136.6590525
[0, 0, 1, 1, 1, 3, 0, 0] right 187.59974999999997
[0, 0, 1, 1, 1, 1, 2, 0] right 228.32780550000007
[0, 0, 1, 1, 1, 1, 0, 2] left 244.5
[3, 0, 1, 1, 1, 1, 0, 0] check 250.0
[1, 2, 1, 1, 1, 1, 0, 0] left 187.13445000000002
[1, 0, 3, 1, 1, 1, 0, 0] right 192.525
[1, 0, 1, 3, 1, 1, 0, 0] left -542.55
[1, 0, 1, 1, 3, 1, 0, 0] left -1384.4558361385693
[1, 0, 1, 1, 1, 3, 0, 0] left -496.02
[1, 0, 1, 1, 1, 1, 2, 0] left 181.79780550000007
[1, 0, 1, 1, 1, 1, 0, 2] left 244.5
[2, 1, 1, 1, 1, 1, 0, 0] check 250.0
[0, 3, 1, 1, 1, 1, 0, 0] right 197.5
[0, 1, 3, 1, 1, 1, 0, 0] right 145.525
[0, 1, 1, 3, 1, 1, 0, 0] right -677.317955
[0, 1, 1, 1, 3, 1, 0, 0] right -397.9159475
[0, 1, 1, 1, 1, 3, 0, 0] left 187.59975000000009
[0, 1, 1, 1, 1, 1, 2, 0] left 239.055
[0, 1, 1, 1, 1, 1, 0, 2] left -500.0
[3, 1, 1, 1, 1, 1, 0, 0] check 250.0
[1, 3, 1, 1, 1, 1, 0, 0] right 197.5
[1, 1, 3, 1, 1, 1, 0, 0] right 145.525
[1, 1, 1, 3, 1, 1, 0, 0] right -1039.55
[1, 1, 1, 1, 3, 1, 0, 0] right -926.13197014475
[1, 1, 1, 1, 1, 3, 0, 0] left 187.59975
[1, 1, 1, 1, 1, 1, 2, 0] left -995.0
[1, 1, 1, 1, 1, 1, 0, 2] left 244.5
[2, 0, 0, 0, 0, 0, 1, 0] check 250.0
[0, 2, 0, 0, 0, 0, 1, 0] right 244.5
[0, 0, 2, 0, 0, 0, 1, 0] right 228.3278055
[0, 0, 0, 2, 0, 0, 1, 0] right -263.33555
[0, 0, 0, 0, 2, 0, 1, 0] left -315.20219450000013
[0, 0, 0, 0, 0, 2, 1, 0] check -776.3940586511553
[0, 0, 0, 0, 0, 0, 3, 0] left 192.5250000000001
[0, 0, 0, 0, 0, 0, 1, 2] left -500.0
[3, 0, 0, 0, 0, 0, 1, 0] check 250.0
[1, 2, 0, 0, 0, 0, 1, 0] right 244.5
[1, 0, 2, 0, 0, 0, 1, 0] right -995.0
[1, 0, 0, 2, 0, 0, 1, 0] right 120.50188834884452
[1, 0, 0, 0, 2, 0, 1, 0] right -2203.9269928349436
[1, 0, 0, 0, 0, 2, 1, 0] right -1405.3735893314347
[1, 0, 0, 0, 0, 0, 3, 0] left 192.525
[1, 0, 0, 0, 0, 0, 1, 2] right 244.5
[2, 1, 0, 0, 0, 0, 1, 0] check 250.0
[0, 3, 0, 0, 0, 0, 1, 0] right 197.5
[0, 1, 2, 0, 0, 0, 1, 0] right -257.945
[0, 1, 0, 2, 0, 0, 1, 0] right -755.36555
[0, 1, 0, 0, 2, 0, 1, 0] check -375.5767711211555
[0, 1, 0, 0, 0, 2, 1, 0] left -309.86555
[0, 1, 0, 0, 0, 0, 3, 0] left 192.52499999999998
[0, 1, 0, 0, 0, 0, 1, 2] left -500.0
[3, 1, 0, 0, 0, 0, 1, 0] check 250.0
[1, 3, 0, 0, 0, 0, 1, 0] left 197.5
[1, 1, 2, 0, 0, 0, 1, 0] right 192.055
[1, 1, 0, 2, 0, 0, 1, 0] left 130.4498274450002
[1, 1, 0, 0, 2, 0, 1, 0] left -1520.1995
[1, 1, 0, 0, 0, 2, 1, 0] left -1735.333775555
[1, 1, 0, 0, 0, 0, 3, 0] left 192.52499999999998
[1, 1, 0, 0, 0, 0, 1, 2] left 244.5
[2, 0, 1, 0, 0, 0, 1, 0] check 250.0
[0, 2, 1, 0, 0, 0, 1, 0] right 244.5
[0, 0, 3, 0, 0, 0, 1, 0] right 182.7237525
[0, 0, 1, 2, 0, 0, 1, 0] check -811.5895255549999
[0, 0, 1, 0, 2, 0, 1, 0] right 181.7978055
[0, 0, 1, 0, 0, 2, 1, 0] right 176.514527445
[0, 0, 1, 0, 0, 0, 3, 0] left 192.525
[0, 0, 1, 0, 0, 0, 1, 2] left 244.5
[3, 0, 1, 0, 0, 0, 1, 0] check 250.0
[1, 2, 1, 0, 0, 0, 1, 0] right 244.5
[1, 0, 3, 0, 0, 0, 1, 0] left -796.3720880249999
[1, 0, 1, 2, 0, 0, 1, 0] right -309.86555
[1, 0, 1, 0, 2, 0, 1, 0] right 181.7978055000001
[1, 0, 1, 0, 0, 2, 1, 0] right -305.724075555
[1, 0, 1, 0, 0, 0, 3, 0] left 80.98349682524999
[1, 0, 1, 0, 0, 0, 1, 2] left -500.0
[2, 1, 1, 0, 0, 0, 1, 0] check 250.0
[0, 3, 1, 0, 0, 0, 1, 0] right 197.5
[0, 1, 3, 0, 0, 0, 1, 0] right 145.5250000000001
[0, 1, 1, 2, 0, 0, 1, 0] right 140.13445000000002
[0, 1, 1, 0, 2, 0, 1, 0] right -371.31997082944997
[0, 1, 1, 0, 0, 2, 1, 0] check -1745.0316007971558
[0, 1, 1, 0, 0, 0, 3, 0] left -498.0
[0, 1, 1, 0, 0, 0, 1, 2] left 244.5
[3, 1, 1, 0, 0, 0, 1, 0] check 250.0
[1, 3, 1, 0, 0, 0, 1, 0] right -500.0
[1, 1, 3, 0, 0, 0, 1, 0] right 145.525
[1, 1, 1, 2, 0, 0, 1, 0] right 140.13445000000002
[1, 1, 1, 0, 2, 0, 1, 0] check -816.8199708294501
[1, 1, 1, 0, 0, 2, 1, 0] left 130.91047444499995
[1, 1, 1, 0, 0, 0, 3, 0] left 192.525
[1, 1, 1, 0, 0, 0, 1, 2] left 244.5
[2, 0, 0, 1, 0, 0, 1, 0] check 250.0
[0, 2, 0, 1, 0, 0, 1, 0] right 244.5
[0, 0, 2, 1, 0, 0, 1, 0] right 239.05500000000006
[0, 0, 0, 3, 0, 0, 1, 0] right 187.59975
[0, 0, 0, 1, 2, 0, 1, 0] right -1298.4088939964554
[0, 0, 0, 1, 0, 2, 1, 0] left 130.9104744450001
[0, 0, 0, 1, 0, 0, 3, 0] left 163.7025105837275
[0, 0, 0, 1, 0, 0, 1, 2] left -500.0
[3, 0, 0, 1, 0, 0, 1, 0] check 250.0
[1, 2, 0, 1, 0, 0, 1, 0] right 244.5
[1, 0, 2, 1, 0, 0, 1, 0] right 239.055
[1, 0, 0, 3, 0, 0, 1, 0] right 187.59974999999997
[1, 0, 0, 1, 2, 0, 1, 0] right 182.26310550000002
[1, 0, 0, 1, 0, 2, 1, 0] left 130.91047444500003
[1, 0, 0, 1, 0, 0, 3, 0] right 136.19375249999996
[1, 0, 0, 1, 0, 0, 1, 2] left 244.5
[2, 1, 0, 1, 0, 0, 1, 0] check 250.0
[0, 3, 0, 1, 0, 0, 1, 0] right 197.5
[0, 1, 2, 1, 0, 0, 1, 0] right -257.945
[0, 1, 0, 3, 0, 0, 1, 0] right 140.59975000000009
[0, 1, 0, 1, 2, 0, 1, 0] left -756.0951725549999
[0, 1, 0, 1, 0, 2, 1, 0] left -305.3118945
[0, 1, 0, 1, 0, 0, 3, 0] left 192.525
[0, 1, 0, 1, 0, 0, 1, 2] left 244.5
[3, 1, 0, 1, 0, 0, 1, 0] check 250.0
[1, 3, 0, 1, 0, 0, 1, 0] right 197.5
[1, 1, 2, 1, 0, 0, 1, 0] right -305.36555
[1, 1, 0, 3, 0, 0, 1, 0] right 38.301814974999985
[1, 1, 0, 1, 2, 0, 1, 0] right -1818.3659154065945
[1, 1, 0, 1, 0, 2, 1, 0] check -2749.809160005926
[1, 1, 0, 1, 0, 0, 3, 0] left 192.525
[1, 1, 0, 1, 0, 0, 1, 2] left 244.5
[2, 0, 1, 1, 0, 0, 1, 0] check 250.0
[0, 2, 1, 1, 0, 0, 1, 0] right 244.5
[0, 0, 3, 1, 0, 0, 1, 0] right 192.525
[0, 0, 1, 3, 0, 0, 1, 0] right 141.0697500000001
[0, 0, 1, 1, 2, 0, 1, 0] left -1892.6120548547885
[0, 0, 1, 1, 0, 2, 1, 0] left 187.13445000000002
[0, 0, 1, 1, 0, 0, 3, 0] left 192.525
[0, 0, 1, 1, 0, 0, 1, 2] left 244.5
[3, 0, 1, 1, 0, 0, 1, 0] check 250.0
[1, 2, 1, 1, 0, 0, 1, 0] right 244.5
[1, 0, 3, 1, 0, 0, 1, 0] right 192.525
[1, 0, 1, 3, 0, 0, 1, 0] left -314.133485025
[1, 0, 1, 1, 2, 0, 1, 0] right -1349.0776832994502
[1, 0, 1, 1, 0, 2, 1, 0] left -305.3118945
[1, 0, 1, 1, 0, 0, 3, 0] left 192.525
[1, 0, 1, 1, 0, 0, 1, 2] left 244.5
[2, 1, 1, 1, 0, 0, 1, 0] check 250.0
[0, 3, 1, 1, 0, 0, 1, 0] right -500.0
[0, 1, 3, 1, 0, 0, 1, 0] right 145.525
[0, 1, 1, 3, 0, 0, 1, 0] left -1020.887805
[0, 1, 1, 1, 2, 0, 1, 0] left -315.2021945
[0, 1, 1, 1, 0, 2, 1, 0] left 130.91047444500003
[0, 1, 1, 1, 0, 0, 3, 0] left -498.0
[0, 1, 1, 1, 0, 0, 1, 2] left 244.5
[3, 1, 1, 1, 0, 0, 1, 0] check 250.0
[1, 3, 1, 1, 0, 0, 1, 0] right 197.5
[1, 1, 3, 1, 0, 0, 1, 0] right -545.0
[1, 1, 1, 3, 0, 0, 1, 0] left -990.7249042534195
[1, 1, 1, 1, 2, 0, 1, 0] right -1152.81297995
[1, 1, 1, 1, 0, 2, 1, 0] right 83.44982744500001
[1, 1, 1, 1, 0, 0, 3, 0] left -304.475
[1, 1, 1, 1, 0, 0, 1, 2] left 244.5
[2, 0, 0, 0, 1, 0, 1, 0] check 250.0
[0, 2, 0, 0, 1, 0, 1, 0] right 244.5
[0, 0, 2, 0, 1, 0, 1, 0] left -258.7818945
[0, 0, 0, 2, 1, 0, 1, 0] right -988.05
[0, 0, 0, 0, 3, 0, 1, 0] left -377.63576129149624
[0, 0, 0, 0, 1, 2, 1, 0] left -258.36555
[0, 0, 0, 0, 1, 0, 3, 0] left 192.525
[0, 0, 0, 0, 1, 0, 1, 2] left 244.5
[3, 0, 0, 0, 1, 0, 1, 0] check 250.0
[1, 2, 0, 0, 1, 0, 1, 0] right 244.5
[1, 0, 2, 0, 1, 0, 1, 0] left 125.68002917055
[1, 0, 0, 2, 1, 0, 1, 0] right -496.02
[1, 0, 0, 0, 3, 0, 1, 0] left -2369.823293043817
[1, 0, 0, 0, 1, 2, 1, 0] right 105.6936578589345
[1, 0, 0, 0, 1, 0, 3, 0] left 192.525
[1, 0, 0, 0, 1, 0, 1, 2] left 244.5
[2, 1, 0, 0, 1, 0, 1, 0] check 250.0
[0, 3, 0, 0, 1, 0, 1, 0] right 197.5
[0, 1, 2, 0, 1, 0, 1, 0] right 192.055
[0, 1, 0, 2, 1, 0, 1, 0] right -755.36555
[0, 1, 0, 0, 3, 0, 1, 0] left -360.80624750000004
[0, 1, 0, 0, 1, 2, 1, 0] left -306.19407555500004
[0, 1, 0, 0, 1, 0, 3, 0] left 182.7237525
[0, 1, 0, 0, 1, 0, 1, 2] left 244.5
[3, 1, 0, 0, 1, 0, 1, 0] check 250.0
[1, 3, 0, 0, 1, 0, 1, 0] right 197.5
[1, 1, 2, 0, 1, 0, 1, 0] right -545.0
[1, 1, 0, 2, 1, 0, 1, 0] right 186.66445000000002
[1, 1, 0, 0, 3, 0, 1, 0] left -1797.5502004433024
[1, 1, 0, 0, 1, 2, 1, 0] left -584.2532549999999
[1, 1, 0, 0, 1, 0, 3, 0] left -498.0
[1, 1, 0, 0, 1, 0, 1, 2] left 244.5
[2, 0, 1, 0, 1, 0, 1, 0] check 250.0
[0, 2, 1, 0, 1, 0, 1, 0] right -500.0
[0, 0, 3, 0, 1, 0, 1, 0] right -304.43025
[0, 0, 1, 2, 1, 0, 1, 0] right 187.13445000000002
[0, 0, 1, 0, 3, 0, 1, 0] check -1352.9013381430022
[0, 0, 1, 0, 1, 2, 1, 0] right -1248.2240755550001
[0, 0, 1, 0, 1, 0, 3, 0] left 192.525
[0, 0, 1, 0, 1, 0, 1, 2] left 244.5
[3, 0, 1, 0, 1, 0, 1, 0] check 250.0
[1, 2, 1, 0, 1, 0, 1, 0] right 244.5
[1, 0, 3, 0, 1, 0, 1, 0] right 192.5250000000001
[1, 0, 1, 2, 1, 0, 1, 0] left -751.224075555
[1, 0, 1, 0, 3, 0, 1, 0] left -1293.4159475000001
[1, 0, 1, 0, 1, 2, 1, 0] check -1248.2240755550001
[1, 0, 1, 0, 1, 0, 3, 0] left 192.52499999999998
[1, 0, 1, 0, 1, 0, 1, 2] check -257.94499999999994
[2, 1, 1, 0, 1, 0, 1, 0] check 250.0
[0, 3, 1, 0, 1, 0, 1, 0] right 197.5
[0, 1, 3, 0, 1, 0, 1, 0] right 145.525
[0, 1, 1, 2, 1, 0, 1, 0] right -1013.3460831020452
[0, 1, 1, 0, 3, 0, 1, 0] right 33.983496825249986
[0, 1, 1, 0, 1, 2, 1, 0] left 187.13445000000002
[0, 1, 1, 0, 1, 0, 3, 0] left 192.525
[0, 1, 1, 0, 1, 0, 1, 2] left 244.5
[3, 1, 1, 0, 1, 0, 1, 0] check 250.0
[1, 3, 1, 0, 1, 0, 1, 0] right 197.5
[1, 1, 3, 0, 1, 0, 1, 0] right -304.475
[1, 1, 1, 2, 1, 0, 1, 0] right 37.84577444500002
[1, 1, 1, 0, 3, 0, 1, 0] right -1298.243185025
[1, 1, 1, 0, 1, 2, 1, 0] left 187.13445000000002
[1, 1, 1, 0, 1, 0, 3, 0] left 192.5250000000001
[1, 1, 1, 0, 1, 0, 1, 2] left 244.5
[2, 0, 0, 1, 1, 0, 1, 0] check 250.0
[0, 2, 0, 1, 1, 0, 1, 0] right -500.0
[0, 0, 2, 1, 1, 0, 1, 0] right 239.055
[0, 0, 0, 3, 1, 0, 1, 0] right -304.342088025
[0, 0, 0, 1, 3, 0, 1, 0] right -1296.7185296901484
[0, 0, 0, 1, 1, 2, 1, 0] left 177.44047444500004
[0, 0, 0, 1, 1, 0, 3, 0] left 192.525
[0, 0, 0, 1, 1, 0, 1, 2] left 244.5
[3, 0, 0, 1, 1, 0, 1, 0] check 250.0
[1, 2, 0, 1, 1, 0, 1, 0] right 244.5
[1, 0, 2, 1, 1, 0, 1, 0] right 239.055
[1, 0, 0, 3, 1, 0, 1, 0] right 187.59975
[1, 0, 0, 1, 3, 0, 1, 0] left 136.19375249999996
[1, 0, 0, 1, 1, 2, 1, 0] right 131.37577444500008
[1, 0, 0, 1, 1, 0, 3, 0] left 192.525
[1, 0, 0, 1, 1, 0, 1, 2] left 244.5
[2, 1, 0, 1, 1, 0, 1, 0] check 250.0
[0, 3, 0, 1, 1, 0, 1, 0] right 197.5
[0, 1, 2, 1, 1, 0, 1, 0] right 192.05500000000006
[0, 1, 0, 3, 1, 0, 1, 0] right 140.59975
[0, 1, 0, 1, 3, 0, 1, 0] left -350.9159475
[0, 1, 0, 1, 1, 2, 1, 0] left -625.1266152254999
[0, 1, 0, 1, 1, 0, 3, 0] left 192.52499999999998
[0, 1, 0, 1, 1, 0, 1, 2] left -500.0
[3, 1, 0, 1, 1, 0, 1, 0] check 250.0
[1, 3, 0, 1, 1, 0, 1, 0] right 197.5
[1, 1, 2, 1, 1, 0, 1, 0] right 192.055
[1, 1, 0, 3, 1, 0, 1, 0] right 140.59975
[1, 1, 0, 1, 3, 0, 1, 0] left 136.1937525
[1, 1, 0, 1, 1, 2, 1, 0] left 187.13445000000002
[1, 1, 0, 1, 1, 0, 3, 0] left 192.525
[1, 1, 0, 1, 1, 0, 1, 2] left 244.5
[2, 0, 1, 1, 1, 0, 1, 0] check 250.0
[0, 2, 1, 1, 1, 0, 1, 0] right -500.0
[0, 0, 3, 1, 1, 0, 1, 0] right 192.525
[0, 0, 1, 3, 1, 0, 1, 0] right 141.06975
[0, 0, 1, 1, 3, 0, 1, 0] left -540.5898
[0, 0, 1, 1, 1, 2, 1, 0] left 187.13445000000002
[0, 0, 1, 1, 1, 0, 3, 0] left -995.0
[0, 0, 1, 1, 1, 0, 1, 2] left -500.0
[3, 0, 1, 1, 1, 0, 1, 0] check 250.0
[1, 2, 1, 1, 1, 0, 1, 0] left -500.0
[1, 0, 3, 1, 1, 0, 1, 0] right 192.525
[1, 0, 1, 3, 1, 0, 1, 0] left 85.762461975
[1, 0, 1, 1, 3, 0, 1, 0] right -406.87094750000006
[1, 0, 1, 1, 1, 2, 1, 0] left 187.13445000000002
[1, 0, 1, 1, 1, 0, 3, 0] left 192.525
[1, 0, 1, 1, 1, 0, 1, 2] left 244.5
[2, 1, 1, 1, 1, 0, 1, 0] check 250.0
[0, 3, 1, 1, 1, 0, 1, 0] right 197.5
[0, 1, 3, 1, 1, 0, 1, 0] right 145.525
[0, 1, 1, 3, 1, 0, 1, 0] right -1039.55
[0, 1, 1, 1, 3, 0, 1, 0] left 136.1937525
[0, 1, 1, 1, 1, 2, 1, 0] check -1294.6401664514553
[0, 1, 1, 1, 1, 0, 3, 0] left 192.525
[0, 1, 1, 1, 1, 0, 1, 2] right 186.66445
[3, 1, 1, 1, 1, 0, 1, 0] check 250.0
[1, 3, 1, 1, 1, 0, 1, 0] right 197.5
[1, 1, 3, 1, 1, 0, 1, 0] right -304.475
[1, 1, 1, 3, 1, 0, 1, 0] right 94.06975
[1, 1, 1, 1, 3, 0, 1, 0] left -878.1297391385696
[1, 1, 1, 1, 1, 2, 1, 0] right -1604.7296003072493
[1, 1, 1, 1, 1, 0, 3, 0] left -575.1421858349481
[1, 1, 1, 1, 1, 0, 1, 2] left 244.5
[2, 0, 0, 0, 0, 1, 1, 0] check 250.0
[0, 2, 0, 0, 0, 1, 1, 0] right 244.5
[0, 0, 2, 0, 0, 1, 1, 0] right -498.0
[0, 0, 0, 2, 0, 1, 1, 0] right 233.66445000000002
[0, 0, 0, 0, 2, 1, 1, 0] right -1029.8560528723237
[0, 0, 0, 0, 0, 3, 1, 0] left 141.06975
[0, 0, 0, 0, 0, 1, 3, 0] left -498.0
[0, 0, 0, 0, 0, 1, 1, 2] left 244.5
[3, 0, 0, 0, 0, 1, 1, 0] check 250.0
[1, 2, 0, 0, 0, 1, 1, 0] right 244.5
[1, 0, 2, 0, 0, 1, 1, 0] right -257.945
[1, 0, 0, 2, 0, 1, 1, 0] right -421.6461241211555
[1, 0, 0, 0, 2, 1, 1, 0] right -268.67219449999993
[1, 0, 0, 0, 0, 3, 1, 0] right -806.213185025
[1, 0, 0, 0, 0, 1, 3, 0] left 192.525
[1, 0, 0, 0, 0, 1, 1, 2] left 244.5
[2, 1, 0, 0, 0, 1, 1, 0] check 250.0
[0, 3, 0, 0, 0, 1, 1, 0] right 197.5
[0, 1, 2, 0, 0, 1, 1, 0] right 192.055
[0, 1, 0, 2, 0, 1, 1, 0] check -315.2021944999999
[0, 1, 0, 0, 2, 1, 1, 0] right 181.3278055
[0, 1, 0, 0, 0, 3, 1, 0] check -852.3709475
[0, 1, 0, 0, 0, 1, 3, 0] left 135.7237525
[0, 1, 0, 0, 0, 1, 1, 2] left 244.5
[3, 1, 0, 0, 0, 1, 1, 0] check 250.0
[1, 3, 0, 0, 0, 1, 1, 0] right 197.5
[1, 1, 2, 0, 0, 1, 1, 0] right 192.055
[1, 1, 0, 2, 0, 1, 1, 0] right -422.1067711211556
[1, 1, 0, 0, 2, 1, 1, 0] left 135.73310550000002
[1, 1, 0, 0, 0, 3, 1, 0] left 141.06975
[1, 1, 0, 0, 0, 1, 3, 0] right 89.19375250000007
[1, 1, 0, 0, 0, 1, 1, 2] left 244.5
[2, 0, 1, 0, 0, 1, 1, 0] check 250.0
[0, 2, 1, 0, 0, 1, 1, 0] right 244.5
[0, 0, 3, 0, 0, 1, 1, 0] right 192.525
[0, 0, 1, 2, 0, 1, 1, 0] right 68.32682941907399
[0, 0, 1, 0, 2, 1, 1, 0] right 86.22723282108811
[0, 0, 1, 0, 0, 3, 1, 0] left 141.06975
[0, 0, 1, 0, 0, 1, 3, 0] left -498.0
[0, 0, 1, 0, 0, 1, 1, 2] left 244.5
[3, 0, 1, 0, 0, 1, 1, 0] check 250.0
[1, 2, 1, 0, 0, 1, 1, 0] right 244.5
[1, 0, 3, 0, 0, 1, 1, 0] right 192.525
[1, 0, 1, 2, 0, 1, 1, 0] right -1071.0780953501999
[1, 0, 1, 0, 2, 1, 1, 0] left -1021.0672454102023
[1, 0, 1, 0, 0, 3, 1, 0] right 22.234900132590255
[1, 0, 1, 0, 0, 1, 3, 0] left 136.1937525
[1, 0, 1, 0, 0, 1, 1, 2] left 244.5
[2, 1, 1, 0, 0, 1, 1, 0] check 250.0
[0, 3, 1, 0, 0, 1, 1, 0] check -304.47500000000014
[0, 1, 3, 0, 0, 1, 1, 0] check -355.9302500000001
[0, 1, 1, 2, 0, 1, 1, 0] check -1569.5655682750546
[0, 1, 1, 0, 2, 1, 1, 0] right 134.7978055
[0, 1, 1, 0, 0, 3, 1, 0] left 141.06975
[0, 1, 1, 0, 0, 1, 3, 0] left 192.525
[0, 1, 1, 0, 0, 1, 1, 2] left -500.0
[3, 1, 1, 0, 0, 1, 1, 0] check 250.0
[1, 3, 1, 0, 0, 1, 1, 0] right 197.5
[1, 1, 3, 0, 0, 1, 1, 0] right 145.525
[1, 1, 1, 2, 0, 1, 1, 0] right 37.845774445000075
[1, 1, 1, 0, 2, 1, 1, 0] left -586.6545
[1, 1, 1, 0, 0, 3, 1, 0] left 85.762461975
[1, 1, 1, 0, 0, 1, 3, 0] left -801.43025
[1, 1, 1, 0, 0, 1, 1, 2] left 244.5
[2, 0, 0, 1, 0, 1, 1, 0] check 250.0
[0, 2, 0, 1, 0, 1, 1, 0] right 244.5
[0, 0, 2, 1, 0, 1, 1, 0] right 239.055
[0, 0, 0, 3, 0, 1, 1, 0] right 177.89651497499997
[0, 0, 0, 1, 2, 1, 1, 0] right 172.66606970055005
[0, 0, 0, 1, 0, 3, 1, 0] left -988.05
[0, 0, 0, 1, 0, 1, 3, 0] left 182.7237525
[0, 0, 0, 1, 0, 1, 1, 2] left -500.0
[3, 0, 0, 1, 0, 1, 1, 0] check 250.0
[1, 2, 0, 1, 0, 1, 1, 0] right 244.5
[1, 0, 2, 1, 0, 1, 1, 0] right 239.055
[1, 0, 0, 3, 0, 1, 1, 0] right 187.59975
[1, 0, 0, 1, 2, 1, 1, 0] right -309.7668945
[1, 0, 0, 1, 0, 3, 1, 0] left 141.06975
[1, 0, 0, 1, 0, 1, 3, 0] left 136.19375249999996
[1, 0, 0, 1, 0, 1, 1, 2] left -500.0
[2, 1, 0, 1, 0, 1, 1, 0] check 250.0
[0, 3, 0, 1, 0, 1, 1, 0] right 197.5
[0, 1, 2, 1, 0, 1, 1, 0] right -545.0
[0, 1, 0, 3, 0, 1, 1, 0] right 84.83181497499999
[0, 1, 0, 1, 2, 1, 1, 0] right -797.8118945
[0, 1, 0, 1, 0, 3, 1, 0] left 141.06975
[0, 1, 0, 1, 0, 1, 3, 0] left -995.0
[0, 1, 0, 1, 0, 1, 1, 2] right 186.66445
[3, 1, 0, 1, 0, 1, 1, 0] check 250.0
[1, 3, 0, 1, 0, 1, 1, 0] right 197.5
[1, 1, 2, 1, 0, 1, 1, 0] right 192.055
[1, 1, 0, 3, 0, 1, 1, 0] left 85.30181497499998
[1, 1, 0, 1, 2, 1, 1, 0] right -1028.1695
[1, 1, 0, 1, 0, 3, 1, 0] left 85.762461975
[1, 1, 0, 1, 0, 1, 3, 0] left 192.525
[1, 1, 0, 1, 0, 1, 1, 2] left 244.5
[2, 0, 1, 1, 0, 1, 1, 0] check 250.0
[0, 2, 1, 1, 0, 1, 1, 0] right 244.5
[0, 0, 3, 1, 0, 1, 1, 0] left 192.525
[0, 0, 1, 3, 0, 1, 1, 0] check -865.3401580183025
[0, 0, 1, 1, 2, 1, 1, 0] left 110.2340692651017
[0, 0, 1, 1, 0, 3, 1, 0] left -1485.05
[0, 0, 1, 1, 0, 1, 3, 0] left 192.525
[0, 0, 1, 1, 0, 1, 1, 2] left 244.5
[3, 0, 1, 1, 0, 1, 1, 0] check 250.0
[1, 2, 1, 1, 0, 1, 1, 0] check -314.73689449999995
[1, 0, 3, 1, 0, 1, 1, 0] right 192.525
[1, 0, 1, 3, 0, 1, 1, 0] right -988.05
[1, 0, 1, 1, 2, 1, 1, 0] right -1083.6545
[1, 0, 1, 1, 0, 3, 1, 0] check -1348.17016264475
[1, 0, 1, 1, 0, 1, 3, 0] left 192.525
[1, 0, 1, 1, 0, 1, 1, 2] left 244.5
[2, 1, 1, 1, 0, 1, 1, 0] check 250.0
[0, 3, 1, 1, 0, 1, 1, 0] right 197.5
[0, 1, 3, 1, 0, 1, 1, 0] right 145.525
[0, 1, 1, 3, 0, 1, 1, 0] right -397.406788025
[0, 1, 1, 1, 2, 1, 1, 0] right -80.39186820512083
[0, 1, 1, 1, 0, 3, 1, 0] left 141.06975
[0, 1, 1, 1, 0, 1, 3, 0] left 192.525
[0, 1, 1, 1, 0, 1, 1, 2] left 244.5
[3, 1, 1, 1, 0, 1, 1, 0] check 250.0
[1, 3, 1, 1, 0, 1, 1, 0] right 197.5
[1, 1, 3, 1, 0, 1, 1, 0] check -852.3709475
[1, 1, 1, 3, 0, 1, 1, 0] right -7.302238025000008
[1, 1, 1, 1, 2, 1, 1, 0] right -111.78328290179093
[1, 1, 1, 1, 0, 3, 1, 0] left 141.06975
[1, 1, 1, 1, 0, 1, 3, 0] left 192.525
[1, 1, 1, 1, 0, 1, 1, 2] left 244.5
[2, 0, 0, 0, 1, 1, 1, 0] check 250.0
[0, 2, 0, 0, 1, 1, 1, 0] right 244.5
[0, 0, 2, 0, 1, 1, 1, 0] right 239.05500000000006
[0, 0, 0, 2, 1, 1, 1, 0] left -492.11920199999986
[0, 0, 0, 0, 3, 1, 1, 0] left 90.12905249999994
[0, 0, 0, 0, 1, 3, 1, 0] left 31.55578898169756
[0, 0, 0, 0, 1, 1, 3, 0] left -304.475
[0, 0, 0, 0, 1, 1, 1, 2] left 244.5
[3, 0, 0, 0, 1, 1, 1, 0] check 250.0
[1, 2, 0, 0, 1, 1, 1, 0] right 244.5
[1, 0, 2, 0, 1, 1, 1, 0] right -995.0
[1, 0, 0, 2, 1, 1, 1, 0] left -1303.6403492292975
[1, 0, 0, 0, 3, 1, 1, 0] right 182.7237525
[1, 0, 0, 0, 1, 3, 1, 0] left 141.06974999999989
[1, 0, 0, 0, 1, 1, 3, 0] left 192.525
[1, 0, 0, 0, 1, 1, 1, 2] left 244.5
[2, 1, 0, 0, 1, 1, 1, 0] check 250.0
[0, 3, 0, 0, 1, 1, 1, 0] right -500.0
[0, 1, 2, 0, 1, 1, 1, 0] right 192.055
[0, 1, 0, 2, 1, 1, 1, 0] right 129.979827445
[0, 1, 0, 0, 3, 1, 1, 0] right -861.97715017475
[0, 1, 0, 0, 1, 3, 1, 0] left -355.3709474999999
[0, 1, 0, 0, 1, 1, 3, 0] left 192.525
[0, 1, 0, 0, 1, 1, 1, 2] left -500.0
[3, 1, 0, 0, 1, 1, 1, 0] check 250.0
[1, 3, 0, 0, 1, 1, 1, 0] right 197.5
[1, 1, 2, 0, 1, 1, 1, 0] right 192.05500000000006
[1, 1, 0, 2, 1, 1, 1, 0] right 83.44982744500001
[1, 1, 0, 0, 3, 1, 1, 0] right 135.72375250000005
[1, 1, 0, 0, 1, 3, 1, 0] left 141.06975
[1, 1, 0, 0, 1, 1, 3, 0] left 192.52499999999998
[1, 1, 0, 0, 1, 1, 1, 2] right 140.13445000000002
[2, 0, 1, 0, 1, 1, 1, 0] check 250.0
[0, 2, 1, 0, 1, 1, 1, 0] right 244.5
[0, 0, 3, 0, 1, 1, 1, 0] right 192.525
[0, 0, 1, 2, 1, 1, 1, 0] right -1298.6992255549999
[0, 0, 1, 0, 3, 1, 1, 0] left -906.66451564475
[0, 0, 1, 0, 1, 3, 1, 0] left 141.06975
[0, 0, 1, 0, 1, 1, 3, 0] right -801.243185025
[0, 0, 1, 0, 1, 1, 1, 2] left 244.5
[3, 0, 1, 0, 1, 1, 1, 0] check 250.0
[1, 2, 1, 0, 1, 1, 1, 0] right 244.5
[1, 0, 3, 0, 1, 1, 1, 0] right 192.52499999999992
[1, 0, 1, 2, 1, 1, 1, 0] right -755.36555
[1, 0, 1, 0, 3, 1, 1, 0] left -986.0898
[1, 0, 1, 0, 1, 3, 1, 0] left -801.43025
[1, 0, 1, 0, 1, 1, 3, 0] left 192.525
[1, 0, 1, 0, 1, 1, 1, 2] left 244.5
[2, 1, 1, 0, 1, 1, 1, 0] check 250.0
[0, 3, 1, 0, 1, 1, 1, 0] right 197.5
[0, 1, 3, 0, 1, 1, 1, 0] right -545.0
[0, 1, 1, 2, 1, 1, 1, 0] left -62.40735646645555
[0, 1, 1, 0, 3, 1, 1, 0] left 90.1290525
[0, 1, 1, 0, 1, 3, 1, 0] left -396.43272014474996
[0, 1, 1, 0, 1, 1, 3, 0] left -304.475
[0, 1, 1, 0, 1, 1, 1, 2] left 244.5
[3, 1, 1, 0, 1, 1, 1, 0] check 250.0
[1, 3, 1, 0, 1, 1, 1, 0] right 197.5
[1, 1, 3, 0, 1, 1, 1, 0] right -545.0
[1, 1, 1, 2, 1, 1, 1, 0] right 140.13445000000002
[1, 1, 1, 0, 3, 1, 1, 0] left -1830.4087656447498
[1, 1, 1, 0, 1, 3, 1, 0] right -757.5712696707301
[1, 1, 1, 0, 1, 1, 3, 0] left 192.525
[1, 1, 1, 0, 1, 1, 1, 2] left 244.5
[2, 0, 0, 1, 1, 1, 1, 0] check 250.0
[0, 2, 0, 1, 1, 1, 1, 0] right 244.5
[0, 0, 2, 1, 1, 1, 1, 0] right 239.055
[0, 0, 0, 3, 1, 1, 1, 0] right 187.59975000000009
[0, 0, 0, 1, 3, 1, 1, 0] left -1342.6584610183027
[0, 0, 0, 1, 1, 3, 1, 0] left 141.06975
[0, 0, 0, 1, 1, 1, 3, 0] left 192.525
[0, 0, 0, 1, 1, 1, 1, 2] right 233.6644500000001
[3, 0, 0, 1, 1, 1, 1, 0] check 250.0
[1, 2, 0, 1, 1, 1, 1, 0] right 244.5
[1, 0, 2, 1, 1, 1, 1, 0] right -995.0
[1, 0, 0, 3, 1, 1, 1, 0] right -1507.9975049999998
[1, 0, 0, 1, 3, 1, 1, 0] left -10.229215644750013
[1, 0, 0, 1, 1, 3, 1, 0] right -902.8022380250002
[1, 0, 0, 1, 1, 1, 3, 0] left 192.52499999999998
[1, 0, 0, 1, 1, 1, 1, 2] left -500.0
[2, 1, 0, 1, 1, 1, 1, 0] check 250.0
[0, 3, 0, 1, 1, 1, 1, 0] right 197.5
[0, 1, 2, 1, 1, 1, 1, 0] right -257.945
[0, 1, 0, 3, 1, 1, 1, 0] right 84.83181497499999
[0, 1, 0, 1, 3, 1, 1, 0] right -122.4727661552805
[0, 1, 0, 1, 1, 3, 1, 0] left -304.43025
[0, 1, 0, 1, 1, 1, 3, 0] left 192.525
[0, 1, 0, 1, 1, 1, 1, 2] left 244.5
[3, 1, 0, 1, 1, 1, 1, 0] check 250.0
[1, 3, 0, 1, 1, 1, 1, 0] right 197.5
[1, 1, 2, 1, 1, 1, 1, 0] right -545.0
[1, 1, 0, 3, 1, 1, 1, 0] right 140.59975
[1, 1, 0, 1, 3, 1, 1, 0] right 90.1290525
[1, 1, 0, 1, 1, 3, 1, 0] right 141.06975
[1, 1, 0, 1, 1, 1, 3, 0] left -304.475
[1, 1, 0, 1, 1, 1, 1, 2] left 244.5
[2, 0, 1, 1, 1, 1, 1, 0] check 250.0
[0, 2, 1, 1, 1, 1, 1, 0] left 244.5
[0, 0, 3, 1, 1, 1, 1, 0] right -304.475
[0, 0, 1, 3, 1, 1, 1, 0] right 132.292461975
[0, 0, 1, 1, 3, 1, 1, 0] left -1119.0447754499999
[0, 0, 1, 1, 1, 3, 1, 0] check -460.69921564475
[0, 0, 1, 1, 1, 1, 3, 0] left 192.525
[0, 0, 1, 1, 1, 1, 1, 2] left 244.5
[3, 0, 1, 1, 1, 1, 1, 0] check 250.0
[1, 2, 1, 1, 1, 1, 1, 0] right 244.5
[1, 0, 3, 1, 1, 1, 1, 0] right 192.525
[1, 0, 1, 3, 1, 1, 1, 0] right -542.55
[1, 0, 1, 1, 3, 1, 1, 0] right -1083.6545
[1, 0, 1, 1, 1, 3, 1, 0] left -801.43025
[1, 0, 1, 1, 1, 1, 3, 0] left 192.52499999999998
[1, 0, 1, 1, 1, 1, 1, 2] left 244.5
[2, 1, 1, 1, 1, 1, 1, 0] check 250.0
[0, 3, 1, 1, 1, 1, 1, 0] right 197.5
[0, 1, 3, 1, 1, 1, 1, 0] left 145.5250000000001
[0, 1, 1, 3, 1, 1, 1, 0] right 94.06975
[0, 1, 1, 1, 3, 1, 1, 0] left 90.1290525
[0, 1, 1, 1, 1, 3, 1, 0] right -1658.8393276955
[0, 1, 1, 1, 1, 1, 3, 0] left -304.43025
[0, 1, 1, 1, 1, 1, 1, 2] left -500.0
[3, 1, 1, 1, 1, 1, 1, 0] check 250.0
[1, 3, 1, 1, 1, 1, 1, 0] right 197.5
[1, 1, 3, 1, 1, 1, 1, 0] right -10.229215644750013
[1, 1, 1, 3, 1, 1, 1, 0] right -589.55
[1, 1, 1, 1, 3, 1, 1, 0] right 90.1290525
[1, 1, 1, 1, 1, 3, 1, 0] left -174.69631150720417
[1, 1, 1, 1, 1, 1, 3, 0] left 192.525
[1, 1, 1, 1, 1, 1, 1, 2] left 244.5
[2, 0, 0, 0, 0, 0, 0, 1] check 250.0
[0, 2, 0, 0, 0, 0, 0, 1] right 244.5
[0, 0, 2, 0, 0, 0, 0, 1] right 239.055
[0, 0, 0, 2, 0, 0, 0, 1] left 233.66445000000022
[0, 0, 0, 0, 2, 0, 0, 1] right 228.3278055
[0, 0, 0, 0, 0, 2, 0, 1] left -366.81997082945
[0, 0, 0, 0, 0, 0, 2, 1] check -729.5456830073832
[0, 0, 0, 0, 0, 0, 0, 3] left 197.5
[3, 0, 0, 0, 0, 0, 0, 1] check 250.0
[1, 2, 0, 0, 0, 0, 0, 1] right 244.5
[1, 0, 2, 0, 0, 0, 0, 1] left 134.79780549999987
[1, 0, 0, 2, 0, 0, 0, 1] right -305.724075555
[1, 0, 0, 0, 2, 0, 0, 1] right -761.838721064644
[1, 0, 0, 0, 0, 2, 0, 1] right 75.35387587884449
[1, 0, 0, 0, 0, 0, 2, 1] left -545.0
[1, 0, 0, 0, 0, 0, 0, 3] left 197.5
[2, 1, 0, 0, 0, 0, 0, 1] check 250.0
[0, 3, 0, 0, 0, 0, 0, 1] right 197.5
[0, 1, 2, 0, 0, 0, 0, 1] right -545.0
[0, 1, 0, 2, 0, 0, 0, 1] right -1735.333775555
[0, 1, 0, 0, 2, 0, 0, 1] left -821.9981116511556
[0, 1, 0, 0, 0, 2, 0, 1] left -1951.0142780059407
[0, 1, 0, 0, 0, 0, 2, 1] left -995.0
[0, 1, 0, 0, 0, 0, 0, 3] left 197.5
[3, 1, 0, 0, 0, 0, 0, 1] check 250.0
[1, 3, 0, 0, 0, 0, 0, 1] right 197.5
[1, 1, 2, 0, 0, 0, 0, 1] right 192.055
[1, 1, 0, 2, 0, 0, 0, 1] right 129.979827445
[1, 1, 0, 0, 2, 0, 0, 1] left -1740.5642208294498
[1, 1, 0, 0, 0, 2, 0, 1] right -1973.9806514845936
[1, 1, 0, 0, 0, 0, 2, 1] left 192.055
[1, 1, 0, 0, 0, 0, 0, 3] left 197.5
[2, 0, 1, 0, 0, 0, 0, 1] check 250.0
[0, 2, 1, 0, 0, 0, 0, 1] right 244.5
[0, 0, 3, 0, 0, 0, 0, 1] right 192.525
[0, 0, 1, 2, 0, 0, 0, 1] right -309.86555
[0, 0, 1, 0, 2, 0, 0, 1] right -1483.0898
[0, 0, 1, 0, 0, 2, 0, 1] right -812.050172555
[0, 0, 1, 0, 0, 0, 2, 1] left -487.79749196546396
[0, 0, 1, 0, 0, 0, 0, 3] left 197.5
[3, 0, 1, 0, 0, 0, 0, 1] check 250.0
[1, 2, 1, 0, 0, 0, 0, 1] check -257.94499999999994
[1, 0, 3, 0, 0, 0, 0, 1] right 136.1937525
[1, 0, 1, 2, 0, 0, 0, 1] right -755.36555
[1, 0, 1, 0, 2, 0, 0, 1] right -315.2021945
[1, 0, 1, 0, 0, 2, 0, 1] left -320.02017255499993
[1, 0, 1, 0, 0, 0, 2, 1] left -257.945
[1, 0, 1, 0, 0, 0, 0, 3] left 197.5
[2, 1, 1, 0, 0, 0, 0, 1] check 250.0
[0, 3, 1, 0, 0, 0, 0, 1] right 197.5
[0, 1, 3, 0, 0, 0, 0, 1] left -1.6121107367589502
[0, 1, 1, 2, 0, 0, 0, 1] right 109.36978611600233
[0, 1, 1, 0, 2, 0, 0, 1] right 134.7978055
[0, 1, 1, 0, 0, 2, 0, 1] left -1076.5087423502
[0, 1, 1, 0, 0, 0, 2, 1] left -995.0
[0, 1, 1, 0, 0, 0, 0, 3] left 197.5
[3, 1, 1, 0, 0, 0, 0, 1] check 250.0
[1, 3, 1, 0, 0, 0, 0, 1] right -500.0
[1, 1, 3, 0, 0, 0, 0, 1] right -304.475
[1, 1, 1, 2, 0, 0, 0, 1] left -306.60213479945
[1, 1, 1, 0, 2, 0, 0, 1] right -1340.8903741211554
[1, 1, 1, 0, 0, 2, 0, 1] left 186.66445000000002
[1, 1, 1, 0, 0, 0, 2, 1] left 192.05500000000006
[1, 1, 1, 0, 0, 0, 0, 3] right -500.0
[2, 0, 0, 1, 0, 0, 0, 1] check 250.0
[0, 2, 0, 1, 0, 0, 0, 1] right 244.5
[0, 0, 2, 1, 0, 0, 0, 1] right -995.0
[0, 0, 0, 3, 0, 0, 0, 1] right 177.89651497499997
[0, 0, 0, 1, 2, 0, 0, 1] right -314.58952555499997
[0, 0, 0, 1, 0, 2, 0, 1] right 186.66445
[0, 0, 0, 1, 0, 0, 2, 1] left 171.74938217055
[0, 0, 0, 1, 0, 0, 0, 3] left 197.5
[3, 0, 0, 1, 0, 0, 0, 1] check 250.0
[1, 2, 0, 1, 0, 0, 0, 1] right 244.5
[1, 0, 2, 1, 0, 0, 0, 1] right 134.79780549999998
[1, 0, 0, 3, 0, 0, 0, 1] right 187.59975
[1, 0, 0, 1, 2, 0, 0, 1] left 181.32780550000007
[1, 0, 0, 1, 0, 2, 0, 1] check -591.2789516341429
[1, 0, 0, 1, 0, 0, 2, 1] left 192.055
[1, 0, 0, 1, 0, 0, 0, 3] left 197.5
[2, 1, 0, 1, 0, 0, 0, 1] check 250.0
[0, 3, 0, 1, 0, 0, 0, 1] right -500.0
[0, 1, 2, 1, 0, 0, 0, 1] right 192.055
[0, 1, 0, 3, 0, 0, 0, 1] left 75.32167432699771
[0, 1, 0, 1, 2, 0, 0, 1] right -1972.3144122481806
[0, 1, 0, 1, 0, 2, 0, 1] left 186.66445000000002
[0, 1, 0, 1, 0, 0, 2, 1] right -408.7182054674545
[0, 1, 0, 1, 0, 0, 0, 3] check -416.01650317475
[3, 1, 0, 1, 0, 0, 0, 1] check 250.0
[1, 3, 0, 1, 0, 0, 0, 1] right 197.5
[1, 1, 2, 1, 0, 0, 0, 1] right 192.055
[1, 1, 0, 3, 0, 0, 0, 1] right 140.59975
[1, 1, 0, 1, 2, 0, 0, 1] right -305.7818945
[1, 1, 0, 1, 0, 2, 0, 1] left -755.36555
[1, 1, 0, 1, 0, 0, 2, 1] left -545.0
[1, 1, 0, 1, 0, 0, 0, 3] left 197.5
[2, 0, 1, 1, 0, 0, 0, 1] check 250.0
[0, 2, 1, 1, 0, 0, 0, 1] right 244.5
[0, 0, 3, 1, 0, 0, 0, 1] right 192.525
[0, 0, 1, 3, 0, 0, 0, 1] left -351.342088025
[0, 0, 1, 1, 2, 0, 0, 1] right 127.06201670055
[0, 0, 1, 1, 0, 2, 0, 1] right -467.7108241211555
[0, 0, 1, 1, 0, 0, 2, 1] check -1785.71223329945
[0, 0, 1, 1, 0, 0, 0, 3] left 197.5
[3, 0, 1, 1, 0, 0, 0, 1] check 250.0
[1, 2, 1, 1, 0, 0, 0, 1] right 244.5
[1, 0, 3, 1, 0, 0, 0, 1] right 192.525
[1, 0, 1, 3, 0, 0, 0, 1] right 85.762461975
[1, 0, 1, 1, 2, 0, 0, 1] left -268.67219449999993
[1, 0, 1, 1, 0, 2, 0, 1] left -1253.0951725549999
[1, 0, 1, 1, 0, 0, 2, 1] left 192.055
[1, 0, 1, 1, 0, 0, 0, 3] left 197.5
[2, 1, 1, 1, 0, 0, 0, 1] check 250.0
[0, 3, 1, 1, 0, 0, 0, 1] right -500.0
[0, 1, 3, 1, 0, 0, 0, 1] check -847.9159475
[0, 1, 1, 3, 0, 0, 0, 1] right 94.06975
[0, 1, 1, 1, 2, 0, 0, 1] right 181.32780550000007
[0, 1, 1, 1, 0, 2, 0, 1] check -1303.92967082945
[0, 1, 1, 1, 0, 0, 2, 1] left -545.0
[0, 1, 1, 1, 0, 0, 0, 3] left 197.5
[3, 1, 1, 1, 0, 0, 0, 1] check 250.0
[1, 3, 1, 1, 0, 0, 0, 1] right 197.5
[1, 1, 3, 1, 0, 0, 0, 1] right -304.475
[1, 1, 1, 3, 0, 0, 0, 1] right -1127.317955
[1, 1, 1, 1, 2, 0, 0, 1] right -304.3985255401616
[1, 1, 1, 1, 0, 2, 0, 1] right -631.713902
[1, 1, 1, 1, 0, 0, 2, 1] left -995.0
[1, 1, 1, 1, 0, 0, 0, 3] left 197.5
[2, 0, 0, 0, 1, 0, 0, 1] check 250.0
[0, 2, 0, 0, 1, 0, 0, 1] right 244.5
[0, 0, 2, 0, 1, 0, 0, 1] right 228.3278055
[0, 0, 0, 2, 1, 0, 0, 1] right -1268.6301180646437
[0, 0, 0, 0, 3, 0, 0, 1] right 163.7025105837275
[0, 0, 0, 0, 1, 2, 0, 1] check -848.8993948759814
[0, 0, 0, 0, 1, 0, 2, 1] left 192.055
[0, 0, 0, 0, 1, 0, 0, 3] right 197.5
[3, 0, 0, 0, 1, 0, 0, 1] check 250.0
[1, 2, 0, 0, 1, 0, 0, 1] right 244.5
[1, 0, 2, 0, 1, 0, 0, 1] right -257.945
[1, 0, 0, 2, 1, 0, 0, 1] left -431.3960992292974
[1, 0, 0, 0, 3, 0, 0, 1] left -806.3062475
[1, 0, 0, 0, 1, 2, 0, 1] left 129.979827445
[1, 0, 0, 0, 1, 0, 2, 1] left 192.05500000000006
[1, 0, 0, 0, 1, 0, 0, 3] left 197.5
[2, 1, 0, 0, 1, 0, 0, 1] check 250.0
[0, 3, 0, 0, 1, 0, 0, 1] right 197.5
[0, 1, 2, 0, 1, 0, 0, 1] right 192.055
[0, 1, 0, 2, 1, 0, 0, 1] right 129.979827445
[0, 1, 0, 0, 3, 0, 0, 1] right -360.99215017475
[0, 1, 0, 0, 1, 2, 0, 1] check -1078.8760224499997
[0, 1, 0, 0, 1, 0, 2, 1] left 192.055
[0, 1, 0, 0, 1, 0, 0, 3] left -500.0
[3, 1, 0, 0, 1, 0, 0, 1] check 250.0
[1, 3, 0, 0, 1, 0, 0, 1] right 197.5
[1, 1, 2, 0, 1, 0, 0, 1] right 192.055
[1, 1, 0, 2, 1, 0, 0, 1] check -315.2021944999999
[1, 1, 0, 0, 3, 0, 0, 1] left -843.3720880249999
[1, 1, 0, 0, 1, 2, 0, 1] left 186.66445000000002
[1, 1, 0, 0, 1, 0, 2, 1] left 192.055
[1, 1, 0, 0, 1, 0, 0, 3] left 197.5
[2, 0, 1, 0, 1, 0, 0, 1] check 250.0
[0, 2, 1, 0, 1, 0, 0, 1] right -500.0
[0, 0, 3, 0, 1, 0, 0, 1] right 182.7237525
[0, 0, 1, 2, 1, 0, 0, 1] right -309.8655499999999
[0, 0, 1, 0, 3, 0, 0, 1] left 80.05284982525001
[0, 0, 1, 0, 1, 2, 0, 1] left -352.258775555
[0, 0, 1, 0, 1, 0, 2, 1] left -995.0
[0, 0, 1, 0, 1, 0, 0, 3] left 197.5
[3, 0, 1, 0, 1, 0, 0, 1] check 250.0
[1, 2, 1, 0, 1, 0, 0, 1] right -500.0
[1, 0, 3, 0, 1, 0, 0, 1] right 192.525
[1, 0, 1, 2, 1, 0, 0, 1] right 187.13445000000002
[1, 0, 1, 0, 3, 0, 0, 1] right 80.98349682524999
[1, 0, 1, 0, 1, 2, 0, 1] left -543.02
[1, 0, 1, 0, 1, 0, 2, 1] left -545.0
[1, 0, 1, 0, 1, 0, 0, 3] left 197.5
[2, 1, 1, 0, 1, 0, 0, 1] check 250.0
[0, 3, 1, 0, 1, 0, 0, 1] right 197.5
[0, 1, 3, 0, 1, 0, 0, 1] right 145.525
[0, 1, 1, 2, 1, 0, 0, 1] right 140.13445000000002
[0, 1, 1, 0, 3, 0, 0, 1] left 25.489798113727502
[0, 1, 1, 0, 1, 2, 0, 1] right -2277.609600875844
[0, 1, 1, 0, 1, 0, 2, 1] left -995.0
[0, 1, 1, 0, 1, 0, 0, 3] left 197.5
[3, 1, 1, 0, 1, 0, 0, 1] check 250.0
[1, 3, 1, 0, 1, 0, 0, 1] right -500.0
[1, 1, 3, 0, 1, 0, 0, 1] right 145.52499999999998
[1, 1, 1, 2, 1, 0, 0, 1] left 74.87470900354447
[1, 1, 1, 0, 3, 0, 0, 1] left -537.19800998
[1, 1, 1, 0, 1, 2, 0, 1] left 186.66445000000002
[1, 1, 1, 0, 1, 0, 2, 1] left 192.055
[1, 1, 1, 0, 1, 0, 0, 3] left 197.5
[2, 0, 0, 1, 1, 0, 0, 1] check 250.0
[0, 2, 0, 1, 1, 0, 0, 1] right 244.5
[0, 0, 2, 1, 1, 0, 0, 1] right 217.81408217054997
[0, 0, 0, 3, 1, 0, 0, 1] right 187.59975
[0, 0, 0, 1, 3, 0, 0, 1] left 135.72375250000005
[0, 0, 0, 1, 1, 2, 0, 1] check -1412.837215442086
[0, 0, 0, 1, 1, 0, 2, 1] left 192.055
[0, 0, 0, 1, 1, 0, 0, 3] left 197.5
[3, 0, 0, 1, 1, 0, 0, 1] check 250.0
[1, 2, 0, 1, 1, 0, 0, 1] right 244.5
[1, 0, 2, 1, 1, 0, 0, 1] right 239.055
[1, 0, 0, 3, 1, 0, 0, 1] right 85.29246197500001
[1, 0, 0, 1, 3, 0, 0, 1] left -21.04020188627247
[1, 0, 0, 1, 1, 2, 0, 1] right -2033.7292983317172
[1, 0, 0, 1, 1, 0, 2, 1] left 192.055
[1, 0, 0, 1, 1, 0, 0, 3] left 197.5
[2, 1, 0, 1, 1, 0, 0, 1] check 250.0
[0, 3, 0, 1, 1, 0, 0, 1] right 197.5
[0, 1, 2, 1, 1, 0, 0, 1] right -545.0
[0, 1, 0, 3, 1, 0, 0, 1] left -918.7371226796547
[0, 1, 0, 1, 3, 0, 0, 1] left -356.30624750000004
[0, 1, 0, 1, 1, 2, 0, 1] left -263.33555
[0, 1, 0, 1, 1, 0, 2, 1] right -352.25877555500006
[0, 1, 0, 1, 1, 0, 0, 3] left 197.5
[3, 1, 0, 1, 1, 0, 0, 1] check 250.0
[1, 3, 0, 1, 1, 0, 0, 1] right 197.5
[1, 1, 2, 1, 1, 0, 0, 1] left -514.496697072773
[1, 1, 0, 3, 1, 0, 0, 1] right -356.30624750000015
[1, 1, 0, 1, 3, 0, 0, 1] right -65.28976890811948
[1, 1, 0, 1, 1, 2, 0, 1] left 186.66445000000002
[1, 1, 0, 1, 1, 0, 2, 1] left 88.73310550000002
[1, 1, 0, 1, 1, 0, 0, 3] left 197.5
[2, 0, 1, 1, 1, 0, 0, 1] check 250.0
[0, 2, 1, 1, 1, 0, 0, 1] right 244.5
[0, 0, 3, 1, 1, 0, 0, 1] right -304.475
[0, 0, 1, 3, 1, 0, 0, 1] right 85.29246197500001
[0, 0, 1, 1, 3, 0, 0, 1] left -541.0598
[0, 0, 1, 1, 1, 2, 0, 1] left -263.33555
[0, 0, 1, 1, 1, 0, 2, 1] left -28.421138875116753
[0, 0, 1, 1, 1, 0, 0, 3] left 197.5
[3, 0, 1, 1, 1, 0, 0, 1] check 250.0
[1, 2, 1, 1, 1, 0, 0, 1] right 244.5
[1, 0, 3, 1, 1, 0, 0, 1] right 192.525
[1, 0, 1, 3, 1, 0, 0, 1] right 141.06975
[1, 0, 1, 1, 3, 0, 0, 1] left 135.7237525
[1, 0, 1, 1, 1, 2, 0, 1] left -305.36555
[1, 0, 1, 1, 1, 0, 2, 1] left 192.055
[1, 0, 1, 1, 1, 0, 0, 3] left 197.5
[2, 1, 1, 1, 1, 0, 0, 1] check 250.0
[0, 3, 1, 1, 1, 0, 0, 1] right 197.5
[0, 1, 3, 1, 1, 0, 0, 1] right 145.525
[0, 1, 1, 3, 1, 0, 0, 1] check -1830.40876564475
[0, 1, 1, 1, 3, 0, 0, 1] left -983.7255748339305
[0, 1, 1, 1, 1, 2, 0, 1] check -1425.8238090099999
[0, 1, 1, 1, 1, 0, 2, 1] right -67.533715879944
[0, 1, 1, 1, 1, 0, 0, 3] left -500.0
[3, 1, 1, 1, 1, 0, 0, 1] check 250.0
[1, 3, 1, 1, 1, 0, 0, 1] right 197.5
[1, 1, 3, 1, 1, 0, 0, 1] right 43.12905249999997
[1, 1, 1, 3, 1, 0, 0, 1] right -843.4159475
[1, 1, 1, 1, 3, 0, 0, 1] right 126.11754982524997
[1, 1, 1, 1, 1, 2, 0, 1] left -305.36555
[1, 1, 1, 1, 1, 0, 2, 1] left 192.05500000000006
[1, 1, 1, 1, 1, 0, 0, 3] left 197.5
[2, 0, 0, 0, 0, 1, 0, 1] check 250.0
[0, 2, 0, 0, 0, 1, 0, 1] right 244.5
[0, 0, 2, 0, 0, 1, 0, 1] right 239.055
[0, 0, 0, 2, 0, 1, 0, 1] right -258.36555
[0, 0, 0, 0, 2, 1, 0, 1] check -1902.3735893314347
[0, 0, 0, 0, 0, 3, 0, 1] left 84.83181497499999
[0, 0, 0, 0, 0, 1, 2, 1] left 135.2631055
[0, 0, 0, 0, 0, 1, 0, 3] left 197.5
[3, 0, 0, 0, 0, 1, 0, 1] check 250.0
[1, 2, 0, 0, 0, 1, 0, 1] right 244.5
[1, 0, 2, 0, 0, 1, 0, 1] right 239.055
[1, 0, 0, 2, 0, 1, 0, 1] right -988.05
[1, 0, 0, 0, 2, 1, 0, 1] check -781.520418064644
[1, 0, 0, 0, 0, 3, 0, 1] left -1066.9525049999997
[1, 0, 0, 0, 0, 1, 2, 1] left 192.055
[1, 0, 0, 0, 0, 1, 0, 3] left 197.5
[2, 1, 0, 0, 0, 1, 0, 1] check 250.0
[0, 3, 0, 0, 0, 1, 0, 1] right 197.5
[0, 1, 2, 0, 0, 1, 0, 1] right -257.945
[0, 1, 0, 2, 0, 1, 0, 1] left -853.535253409944
[0, 1, 0, 0, 2, 1, 0, 1] right -579.4777695813981
[0, 1, 0, 0, 0, 3, 0, 1] left -1348.3874305795998
[0, 1, 0, 0, 0, 1, 2, 1] left -545.0
[0, 1, 0, 0, 0, 1, 0, 3] left 197.5
[3, 1, 0, 0, 0, 1, 0, 1] check 250.0
[1, 3, 0, 0, 0, 1, 0, 1] right 197.5
[1, 1, 2, 0, 0, 1, 0, 1] right 192.055
[1, 1, 0, 2, 0, 1, 0, 1] right 129.979827445
[1, 1, 0, 0, 2, 1, 0, 1] left 181.3278055
[1, 1, 0, 0, 0, 3, 0, 1] left 84.83181497499999
[1, 1, 0, 0, 0, 1, 2, 1] left -633.6545
[1, 1, 0, 0, 0, 1, 0, 3] left -500.0
[2, 0, 1, 0, 0, 1, 0, 1] check 250.0
[0, 2, 1, 0, 0, 1, 0, 1] right 244.5
[0, 0, 3, 0, 0, 1, 0, 1] right 192.525
[0, 0, 1, 2, 0, 1, 0, 1] right 158.62741476437395
[0, 0, 1, 0, 2, 1, 0, 1] left -314.73689449999995
[0, 0, 1, 0, 0, 3, 0, 1] left -309.40025
[0, 0, 1, 0, 0, 1, 2, 1] right 172.66606970055003
[0, 0, 1, 0, 0, 1, 0, 3] left 197.5
[3, 0, 1, 0, 0, 1, 0, 1] check 250.0
[1, 2, 1, 0, 0, 1, 0, 1] right -500.0
[1, 0, 3, 0, 0, 1, 0, 1] right 192.525
[1, 0, 1, 2, 0, 1, 0, 1] right -258.3655499999999
[1, 0, 1, 0, 2, 1, 0, 1] check -2408.488159336684
[1, 0, 1, 0, 0, 3, 0, 1] left -543.02
[1, 0, 1, 0, 0, 1, 2, 1] right 26.429429568208967
[1, 0, 1, 0, 0, 1, 0, 3] left 197.5
[2, 1, 1, 0, 0, 1, 0, 1] check 250.0
[0, 3, 1, 0, 0, 1, 0, 1] right 197.5
[0, 1, 3, 0, 0, 1, 0, 1] left -411.97715017475
[0, 1, 1, 2, 0, 1, 0, 1] right -309.8655499999999
[0, 1, 1, 0, 2, 1, 0, 1] left -398.2188259214554
[0, 1, 1, 0, 0, 3, 0, 1] left 84.83181497500007
[0, 1, 1, 0, 0, 1, 2, 1] left 192.05500000000006
[0, 1, 1, 0, 0, 1, 0, 3] left -500.0
[3, 1, 1, 0, 0, 1, 0, 1] check 250.0
[1, 3, 1, 0, 0, 1, 0, 1] right 197.5
[1, 1, 3, 0, 0, 1, 0, 1] right 43.12905249999997
[1, 1, 1, 2, 0, 1, 0, 1] right 140.13445000000002
[1, 1, 1, 0, 2, 1, 0, 1] right 134.7978055
[1, 1, 1, 0, 0, 3, 0, 1] left -356.3062474999999
[1, 1, 1, 0, 0, 1, 2, 1] right -957.9073564664557
[1, 1, 1, 0, 0, 1, 0, 3] left 197.5
[2, 0, 0, 1, 0, 1, 0, 1] check 250.0
[0, 2, 0, 1, 0, 1, 0, 1] right 244.5
[0, 0, 2, 1, 0, 1, 0, 1] right -257.945
[0, 0, 0, 3, 0, 1, 0, 1] right -979.228902
[0, 0, 0, 1, 2, 1, 0, 1] right 172.66606970055003
[0, 0, 0, 1, 0, 3, 0, 1] right 62.31151465692106
[0, 0, 0, 1, 0, 1, 2, 1] left -1790.4388939964554
[0, 0, 0, 1, 0, 1, 0, 3] left 197.5
[3, 0, 0, 1, 0, 1, 0, 1] check 250.0
[1, 2, 0, 1, 0, 1, 0, 1] right 244.5
[1, 0, 2, 1, 0, 1, 0, 1] right 239.055
[1, 0, 0, 3, 0, 1, 0, 1] right -806.02215017475
[1, 0, 0, 1, 2, 1, 0, 1] left -305.7818944999999
[1, 0, 0, 1, 0, 3, 0, 1] left -1485.05
[1, 0, 0, 1, 0, 1, 2, 1] left 192.055
[1, 0, 0, 1, 0, 1, 0, 3] left 197.5
[2, 1, 0, 1, 0, 1, 0, 1] check 250.0
[0, 3, 0, 1, 0, 1, 0, 1] right 197.5
[0, 1, 2, 1, 0, 1, 0, 1] right -2272.534505056491
[0, 1, 0, 3, 0, 1, 0, 1] check -1069.3907639765987
[0, 1, 0, 1, 2, 1, 0, 1] left -798.224075555
[0, 1, 0, 1, 0, 3, 0, 1] left -543.02
[0, 1, 0, 1, 0, 1, 2, 1] left 192.05500000000006
[0, 1, 0, 1, 0, 1, 0, 3] left 197.5
[3, 1, 0, 1, 0, 1, 0, 1] check 250.0
[1, 3, 0, 1, 0, 1, 0, 1] right 197.5
[1, 1, 2, 1, 0, 1, 0, 1] right 192.055
[1, 1, 0, 3, 0, 1, 0, 1] right -801.4302499999999
[1, 1, 0, 1, 2, 1, 0, 1] right 79.6013697005501
[1, 1, 0, 1, 0, 3, 0, 1] left -710.0987665181199
[1, 1, 0, 1, 0, 1, 2, 1] left 192.055
[1, 1, 0, 1, 0, 1, 0, 3] left -500.0
[2, 0, 1, 1, 0, 1, 0, 1] check 250.0
[0, 2, 1, 1, 0, 1, 0, 1] right 244.5
[0, 0, 3, 1, 0, 1, 0, 1] right 182.7237525
[0, 0, 1, 3, 0, 1, 0, 1] right 123.6898419816975
[0, 0, 1, 1, 2, 1, 0, 1] left 80.06201670054998
[0, 0, 1, 1, 0, 3, 0, 1] right 85.30181497499998
[0, 0, 1, 1, 0, 1, 2, 1] left 192.055
[0, 0, 1, 1, 0, 1, 0, 3] left 197.5
[3, 0, 1, 1, 0, 1, 0, 1] check 250.0
[1, 2, 1, 1, 0, 1, 0, 1] right 244.5
[1, 0, 3, 1, 0, 1, 0, 1] right 192.525
[1, 0, 1, 3, 0, 1, 0, 1] left -23.396794013956765
[1, 0, 1, 1, 2, 1, 0, 1] right 26.42942956820906
[1, 0, 1, 1, 0, 3, 0, 1] left 84.83181497499999
[1, 0, 1, 1, 0, 1, 2, 1] left -545.0
[1, 0, 1, 1, 0, 1, 0, 3] left -500.0
[2, 1, 1, 1, 0, 1, 0, 1] check 250.0
[0, 3, 1, 1, 0, 1, 0, 1] right 197.5
[0, 1, 3, 1, 0, 1, 0, 1] right -304.475
[0, 1, 1, 3, 0, 1, 0, 1] right -351.43025
[0, 1, 1, 1, 2, 1, 0, 1] left 135.26310550000002
[0, 1, 1, 1, 0, 3, 0, 1] left 140.59975000000009
[0, 1, 1, 1, 0, 1, 2, 1] left 192.055
[0, 1, 1, 1, 0, 1, 0, 3] left 197.5
[3, 1, 1, 1, 0, 1, 0, 1] check 250.0
[1, 3, 1, 1, 0, 1, 0, 1] right -500.0
[1, 1, 3, 1, 0, 1, 0, 1] right 145.525
[1, 1, 1, 3, 0, 1, 0, 1] right -2450.497505
[1, 1, 1, 1, 2, 1, 0, 1] left -802.3118944999999
[1, 1, 1, 1, 0, 3, 0, 1] right -511.96039114300254
[1, 1, 1, 1, 0, 1, 2, 1] left 88.73310550000002
[1, 1, 1, 1, 0, 1, 0, 3] left 197.5
[2, 0, 0, 0, 1, 1, 0, 1] check 250.0
[0, 2, 0, 0, 1, 1, 0, 1] left 186.66445
[0, 0, 2, 0, 1, 1, 0, 1] right -257.945
[0, 0, 0, 2, 1, 1, 0, 1] right -1263.5037586511555
[0, 0, 0, 0, 3, 1, 0, 1] right -986.0898
[0, 0, 0, 0, 1, 3, 0, 1] left 140.59974999999997
[0, 0, 0, 0, 1, 1, 2, 1] left -257.945
[0, 0, 0, 0, 1, 1, 0, 3] left 197.5
[3, 0, 0, 0, 1, 1, 0, 1] check 250.0
[1, 2, 0, 0, 1, 1, 0, 1] right 244.5
[1, 0, 2, 0, 1, 1, 0, 1] check -1035.183902
[1, 0, 0, 2, 1, 1, 0, 1] right 166.10594134884445
[1, 0, 0, 0, 3, 1, 0, 1] right -536.72800998
[1, 0, 0, 0, 1, 3, 0, 1] left -309.40025
[1, 0, 0, 0, 1, 1, 2, 1] left 192.055
[1, 0, 0, 0, 1, 1, 0, 3] left -500.0
[2, 1, 0, 0, 1, 1, 0, 1] check 250.0
[0, 3, 0, 0, 1, 1, 0, 1] right 197.5
[0, 1, 2, 0, 1, 1, 0, 1] right 192.05500000000006
[0, 1, 0, 2, 1, 1, 0, 1] right 129.97982744500007
[0, 1, 0, 0, 3, 1, 0, 1] right 80.05284982525001
[0, 1, 0, 0, 1, 3, 0, 1] left 84.83181497499999
[0, 1, 0, 0, 1, 1, 2, 1] left 192.055
[0, 1, 0, 0, 1, 1, 0, 3] left 197.5
[3, 1, 0, 0, 1, 1, 0, 1] check 250.0
[1, 3, 0, 0, 1, 1, 0, 1] right 197.5
[1, 1, 2, 0, 1, 1, 0, 1] right 192.055
[1, 1, 0, 2, 1, 1, 0, 1] right 84.37577444500016
[1, 1, 0, 0, 3, 1, 0, 1] right 135.7237525
[1, 1, 0, 0, 1, 3, 0, 1] right -974.4905231260353
[1, 1, 0, 0, 1, 1, 2, 1] left 192.055
[1, 1, 0, 0, 1, 1, 0, 3] right -7.302238024999895
[2, 0, 1, 0, 1, 1, 0, 1] check 250.0
[0, 2, 1, 0, 1, 1, 0, 1] right 244.5
[0, 0, 3, 0, 1, 1, 0, 1] right 192.525
[0, 0, 1, 2, 1, 1, 0, 1] left -331.638395658175
[0, 0, 1, 0, 3, 1, 0, 1] right 80.98349682525009
[0, 0, 1, 0, 1, 3, 0, 1] left 84.83181497499993
[0, 0, 1, 0, 1, 1, 2, 1] left -305.3655499999999
[0, 0, 1, 0, 1, 1, 0, 3] left 197.5
[3, 0, 1, 0, 1, 1, 0, 1] check 250.0
[1, 2, 1, 0, 1, 1, 0, 1] right 244.5
[1, 0, 3, 0, 1, 1, 0, 1] right 192.525
[1, 0, 1, 2, 1, 1, 0, 1] right -542.55
[1, 0, 1, 0, 3, 1, 0, 1] left 89.6590525
[1, 0, 1, 0, 1, 3, 0, 1] left -396.43272014474996
[1, 0, 1, 0, 1, 1, 2, 1] left -1349.0776832994502
[1, 0, 1, 0, 1, 1, 0, 3] left -500.0
[2, 1, 1, 0, 1, 1, 0, 1] check 250.0
[0, 3, 1, 0, 1, 1, 0, 1] right 197.5
[0, 1, 3, 0, 1, 1, 0, 1] right -545.0
[0, 1, 1, 2, 1, 1, 0, 1] right 140.13445000000002
[0, 1, 1, 0, 3, 1, 0, 1] left 34.904837355249995
[0, 1, 1, 0, 1, 3, 0, 1] left 140.59975
[0, 1, 1, 0, 1, 1, 2, 1] left 192.055
[0, 1, 1, 0, 1, 1, 0, 3] left 197.5
[3, 1, 1, 0, 1, 1, 0, 1] check 250.0
[1, 3, 1, 0, 1, 1, 0, 1] right -500.0
[1, 1, 3, 0, 1, 1, 0, 1] right 145.525
[1, 1, 1, 2, 1, 1, 0, 1] right 140.13445000000002
[1, 1, 1, 0, 3, 1, 0, 1] check -1389.36376564475
[1, 1, 1, 0, 1, 3, 0, 1] left 140.59975
[1, 1, 1, 0, 1, 1, 2, 1] left 192.05500000000006
[1, 1, 1, 0, 1, 1, 0, 3] left 197.5
[2, 0, 0, 1, 1, 1, 0, 1] check 250.0
[0, 2, 0, 1, 1, 1, 0, 1] right -500.0
[0, 0, 2, 1, 1, 1, 0, 1] right -1308.3514101172407
[0, 0, 0, 3, 1, 1, 0, 1] right 187.59975
[0, 0, 0, 1, 3, 1, 0, 1] right 136.6590525
[0, 0, 0, 1, 1, 3, 0, 1] left 30.173661856997427
[0, 0, 0, 1, 1, 1, 2, 1] left 192.055
[0, 0, 0, 1, 1, 1, 0, 3] left -500.0
[3, 0, 0, 1, 1, 1, 0, 1] check 250.0
[1, 2, 0, 1, 1, 1, 0, 1] right 244.5
[1, 0, 2, 1, 1, 1, 0, 1] right 239.055
[1, 0, 0, 3, 1, 1, 0, 1] right 177.89651497499997
[1, 0, 0, 1, 3, 1, 0, 1] left 34.904837355249995
[1, 0, 0, 1, 1, 3, 0, 1] left -351.43025
[1, 0, 0, 1, 1, 1, 2, 1] left -257.945
[1, 0, 0, 1, 1, 1, 0, 3] left 197.5
[2, 1, 0, 1, 1, 1, 0, 1] check 250.0
[0, 3, 0, 1, 1, 1, 0, 1] right 197.5
[0, 1, 2, 1, 1, 1, 0, 1] check -806.7668945
[0, 1, 0, 3, 1, 1, 0, 1] left 140.59975000000009
[0, 1, 0, 1, 3, 1, 0, 1] check -1398.0539110183026
[0, 1, 0, 1, 1, 3, 0, 1] right -517.2038653655854
[0, 1, 0, 1, 1, 1, 2, 1] left -305.3655499999999
[0, 1, 0, 1, 1, 1, 0, 3] left 197.5
[3, 1, 0, 1, 1, 1, 0, 1] check 250.0
[1, 3, 0, 1, 1, 1, 0, 1] right 197.5
[1, 1, 2, 1, 1, 1, 0, 1] right 192.055
[1, 1, 0, 3, 1, 1, 0, 1] right -309.40025
[1, 1, 0, 1, 3, 1, 0, 1] check -1001.2714212190383
[1, 1, 0, 1, 1, 3, 0, 1] left 30.173661856997484
[1, 1, 0, 1, 1, 1, 2, 1] left 192.055
[1, 1, 0, 1, 1, 1, 0, 3] left -500.0
[2, 0, 1, 1, 1, 1, 0, 1] check 250.0
[0, 2, 1, 1, 1, 1, 0, 1] right -500.0
[0, 0, 3, 1, 1, 1, 0, 1] right -498.0
[0, 0, 1, 3, 1, 1, 0, 1] right 123.6898419816975
[0, 0, 1, 1, 3, 1, 0, 1] right -847.9159475
[0, 0, 1, 1, 1, 3, 0, 1] left -309.40025
[0, 0, 1, 1, 1, 1, 2, 1] left -257.94499999999994
[0, 0, 1, 1, 1, 1, 0, 3] left 197.5
[3, 0, 1, 1, 1, 1, 0, 1] check 250.0
[1, 2, 1, 1, 1, 1, 0, 1] right 244.5
[1, 0, 3, 1, 1, 1, 0, 1] right 192.525
[1, 0, 1, 3, 1, 1, 0, 1] right 141.06975
[1, 0, 1, 1, 3, 1, 0, 1] right -361.2063825469057
[1, 0, 1, 1, 1, 3, 0, 1] left -993.02
[1, 0, 1, 1, 1, 1, 2, 1] left 192.055
[1, 0, 1, 1, 1, 1, 0, 3] left 197.5
[2, 1, 1, 1, 1, 1, 0, 1] check 250.0
[0, 3, 1, 1, 1, 1, 0, 1] right 197.5
[0, 1, 3, 1, 1, 1, 0, 1] right 145.52499999999998
[0, 1, 1, 3, 1, 1, 0, 1] right -457.302238025
[0, 1, 1, 1, 3, 1, 0, 1] right 43.12905249999994
[0, 1, 1, 1, 1, 3, 0, 1] left -838.451788025
[0, 1, 1, 1, 1, 1, 2, 1] left -995.0
[0, 1, 1, 1, 1, 1, 0, 3] left -500.0
[3, 1, 1, 1, 1, 1, 0, 1] check 250.0
[1, 3, 1, 1, 1, 1, 0, 1] right 197.5
[1, 1, 3, 1, 1, 1, 0, 1] right 145.52499999999998
[1, 1, 1, 3, 1, 1, 0, 1] right -7.302238025000008
[1, 1, 1, 1, 3, 1, 0, 1] left 34.90483735524998
[1, 1, 1, 1, 1, 3, 0, 1] left 140.59975000000009
[1, 1, 1, 1, 1, 1, 2, 1] right -857.654225555
[1, 1, 1, 1, 1, 1, 0, 3] left 197.5
[2, 0, 0, 0, 0, 0, 1, 1] check 250.0
[0, 2, 0, 0, 0, 0, 1, 1] right -500.0
[0, 0, 2, 0, 0, 0, 1, 1] right 239.05500000000006
[0, 0, 0, 2, 0, 0, 1, 1] right -988.05
[0, 0, 0, 0, 2, 0, 1, 1] left 228.32780549999998
[0, 0, 0, 0, 0, 2, 1, 1] right -305.0515588156184
[0, 0, 0, 0, 0, 0, 3, 1] left 145.525
[0, 0, 0, 0, 0, 0, 1, 3] left 197.5
[3, 0, 0, 0, 0, 0, 1, 1] check 250.0
[1, 2, 0, 0, 0, 0, 1, 1] right 244.5
[1, 0, 2, 0, 0, 0, 1, 1] right 239.055
[1, 0, 0, 2, 0, 0, 1, 1] right -1903.6332036860879
[1, 0, 0, 0, 2, 0, 1, 1] right -2176.49988520225
[1, 0, 0, 0, 0, 2, 1, 1] left 37.84577444500002
[1, 0, 0, 0, 0, 0, 3, 1] left 145.525
[1, 0, 0, 0, 0, 0, 1, 3] left 197.5
[2, 1, 0, 0, 0, 0, 1, 1] check 250.0
[0, 3, 0, 0, 0, 0, 1, 1] right 197.5
[0, 1, 2, 0, 0, 0, 1, 1] left -1786.6847193968788
[0, 1, 0, 2, 0, 0, 1, 1] right -263.33555
[0, 1, 0, 0, 2, 0, 1, 1] left -802.3118945
[0, 1, 0, 0, 0, 2, 1, 1] left -797.8118945
[0, 1, 0, 0, 0, 0, 3, 1] right -545.0
[0, 1, 0, 0, 0, 0, 1, 3] left 197.5
[3, 1, 0, 0, 0, 0, 1, 1] check 250.0
[1, 3, 0, 0, 0, 0, 1, 1] right -500.0
[1, 1, 2, 0, 0, 0, 1, 1] right -209.05879557204523
[1, 1, 0, 2, 0, 0, 1, 1] right -1485.05
[1, 1, 0, 0, 2, 0, 1, 1] left 134.7978055000001
[1, 1, 0, 0, 0, 2, 1, 1] left -589.55
[1, 1, 0, 0, 0, 0, 3, 1] check -1830.40876564475
[1, 1, 0, 0, 0, 0, 1, 3] left -500.0
[2, 0, 1, 0, 0, 0, 1, 1] check 250.0
[0, 2, 1, 0, 0, 0, 1, 1] right 244.5
[0, 0, 3, 0, 0, 0, 1, 1] right 192.525
[0, 0, 1, 2, 0, 0, 1, 1] right 187.13445000000002
[0, 0, 1, 0, 2, 0, 1, 1] left -624.2939080646092
[0, 0, 1, 0, 0, 2, 1, 1] right 65.13390077070265
[0, 0, 1, 0, 0, 0, 3, 1] left 89.65905249999997
[0, 0, 1, 0, 0, 0, 1, 3] left 197.5
[3, 0, 1, 0, 0, 0, 1, 1] check 250.0
[1, 2, 1, 0, 0, 0, 1, 1] right 244.5
[1, 0, 3, 0, 0, 0, 1, 1] right 192.525
[1, 0, 1, 2, 0, 0, 1, 1] left -839.833775555
[1, 0, 1, 0, 2, 0, 1, 1] right -1773.1585786211554
[1, 0, 1, 0, 0, 2, 1, 1] left -305.36555
[1, 0, 1, 0, 0, 0, 3, 1] left 145.525
[1, 0, 1, 0, 0, 0, 1, 3] left 197.5
[2, 1, 1, 0, 0, 0, 1, 1] check 250.0
[0, 3, 1, 0, 0, 0, 1, 1] right 197.5
[0, 1, 3, 0, 0, 0, 1, 1] right 145.525
[0, 1, 1, 2, 0, 0, 1, 1] check -577.7445449130166
[0, 1, 1, 0, 2, 0, 1, 1] left -357.59517255500003
[0, 1, 1, 0, 0, 2, 1, 1] left 140.13445000000002
[0, 1, 1, 0, 0, 0, 3, 1] left 145.525
[0, 1, 1, 0, 0, 0, 1, 3] right 140.59975000000009
[3, 1, 1, 0, 0, 0, 1, 1] check 250.0
[1, 3, 1, 0, 0, 0, 1, 1] right 197.5
[1, 1, 3, 0, 0, 0, 1, 1] right 145.52499999999998
[1, 1, 1, 2, 0, 0, 1, 1] right -1652.6099253757359
[1, 1, 1, 0, 2, 0, 1, 1] right 32.615329170549984
[1, 1, 1, 0, 0, 2, 1, 1] right -1349.0776832994502
[1, 1, 1, 0, 0, 0, 3, 1] left 145.525
[1, 1, 1, 0, 0, 0, 1, 3] left -500.0
[2, 0, 0, 1, 0, 0, 1, 1] check 250.0
[0, 2, 0, 1, 0, 0, 1, 1] right -500.0
[0, 0, 2, 1, 0, 0, 1, 1] right -472.8371835346439
[0, 0, 0, 3, 0, 0, 1, 1] right 187.59975
[0, 0, 0, 1, 2, 0, 1, 1] right 182.26310550000002
[0, 0, 0, 1, 0, 2, 1, 1] left -589.55
[0, 0, 0, 1, 0, 0, 3, 1] left 145.525
[0, 0, 0, 1, 0, 0, 1, 3] left 197.5
[3, 0, 0, 1, 0, 0, 1, 1] check 250.0
[1, 2, 0, 1, 0, 0, 1, 1] right 244.5
[1, 0, 2, 1, 0, 0, 1, 1] right 239.05500000000006
[1, 0, 0, 3, 0, 0, 1, 1] left -843.3720880249998
[1, 0, 0, 1, 2, 0, 1, 1] left 134.7978055000001
[1, 0, 0, 1, 0, 2, 1, 1] left 140.13445000000002
[1, 0, 0, 1, 0, 0, 3, 1] left 145.525
[1, 0, 0, 1, 0, 0, 1, 3] left 197.5
[2, 1, 0, 1, 0, 0, 1, 1] check 250.0
[0, 3, 0, 1, 0, 0, 1, 1] right 197.5
[0, 1, 2, 1, 0, 0, 1, 1] right 192.055
[0, 1, 0, 3, 0, 0, 1, 1] right 140.59975
[0, 1, 0, 1, 2, 0, 1, 1] left -760.7021944999999
[0, 1, 0, 1, 0, 2, 1, 1] right -967.7783574990169
[0, 1, 0, 1, 0, 0, 3, 1] left 145.525
[0, 1, 0, 1, 0, 0, 1, 3] left 197.5
[3, 1, 0, 1, 0, 0, 1, 1] check 250.0
[1, 3, 0, 1, 0, 0, 1, 1] right 197.5
[1, 1, 2, 1, 0, 0, 1, 1] right 192.055
[1, 1, 0, 3, 0, 0, 1, 1] left -1554.9975049999998
[1, 1, 0, 1, 2, 0, 1, 1] left 32.61532917054987
[1, 1, 0, 1, 0, 2, 1, 1] left 37.84577444500002
[1, 1, 0, 1, 0, 0, 3, 1] left 43.12905249999997
[1, 1, 0, 1, 0, 0, 1, 3] left 197.5
[2, 0, 1, 1, 0, 0, 1, 1] check 250.0
[0, 2, 1, 1, 0, 0, 1, 1] right 244.5
[0, 0, 3, 1, 0, 0, 1, 1] right 192.525
[0, 0, 1, 3, 0, 0, 1, 1] right 141.06975
[0, 0, 1, 1, 2, 0, 1, 1] left -1813.2908195872408
[0, 0, 1, 1, 0, 2, 1, 1] left 140.13445000000002
[0, 0, 1, 1, 0, 0, 3, 1] left 145.525
[0, 0, 1, 1, 0, 0, 1, 3] check -304.475
[3, 0, 1, 1, 0, 0, 1, 1] check 250.0
[1, 2, 1, 1, 0, 0, 1, 1] right -500.0
[1, 0, 3, 1, 0, 0, 1, 1] right -304.475
[1, 0, 1, 3, 0, 0, 1, 1] right -124.67739160004498
[1, 0, 1, 1, 2, 0, 1, 1] left 134.7978055
[1, 0, 1, 1, 0, 2, 1, 1] left 140.13445000000002
[1, 0, 1, 1, 0, 0, 3, 1] left 145.525
[1, 0, 1, 1, 0, 0, 1, 3] left 197.5
[2, 1, 1, 1, 0, 0, 1, 1] check 250.0
[0, 3, 1, 1, 0, 0, 1, 1] right 197.5
[0, 1, 3, 1, 0, 0, 1, 1] right 145.525
[0, 1, 1, 3, 0, 0, 1, 1] right 39.22776197499999
[0, 1, 1, 1, 2, 0, 1, 1] right -1303.92967082945
[0, 1, 1, 1, 0, 2, 1, 1] left 140.13445000000002
[0, 1, 1, 1, 0, 0, 3, 1] left 145.525
[0, 1, 1, 1, 0, 0, 1, 3] left 197.5
[3, 1, 1, 1, 0, 0, 1, 1] check 250.0
[1, 3, 1, 1, 0, 0, 1, 1] right 197.5
[1, 1, 3, 1, 0, 0, 1, 1] right -545.0
[1, 1, 1, 3, 0, 0, 1, 1] right 94.06975
[1, 1, 1, 1, 2, 0, 1, 1] left 134.7978055
[1, 1, 1, 1, 0, 2, 1, 1] right -1077.213902
[1, 1, 1, 1, 0, 0, 3, 1] left -397.9159475
[1, 1, 1, 1, 0, 0, 1, 3] left 197.5
[2, 0, 0, 0, 1, 0, 1, 1] check 250.0
[0, 2, 0, 0, 1, 0, 1, 1] right 244.5
[0, 0, 2, 0, 1, 0, 1, 1] right -498.0
[0, 0, 0, 2, 1, 0, 1, 1] right -331.520418064644
[0, 0, 0, 0, 3, 0, 1, 1] right 163.70251058372742
[0, 0, 0, 0, 1, 2, 1, 1] left 140.13445000000002
[0, 0, 0, 0, 1, 0, 3, 1] left 145.52499999999998
[0, 0, 0, 0, 1, 0, 1, 3] left 197.5
[3, 0, 0, 0, 1, 0, 1, 1] check 250.0
[1, 2, 0, 0, 1, 0, 1, 1] right 244.5
[1, 0, 2, 0, 1, 0, 1, 1] right 239.055
[1, 0, 0, 2, 1, 0, 1, 1] right 223.044527445
[1, 0, 0, 0, 3, 0, 1, 1] left -12.081203174750016
[1, 0, 0, 0, 1, 2, 1, 1] left -890.1165079664554
[1, 0, 0, 0, 1, 0, 3, 1] right -406.8709475
[1, 0, 0, 0, 1, 0, 1, 3] left 197.5
[2, 1, 0, 0, 1, 0, 1, 1] check 250.0
[0, 3, 0, 0, 1, 0, 1, 1] check -304.475
[0, 1, 2, 0, 1, 0, 1, 1] right -545.0
[0, 1, 0, 2, 1, 0, 1, 1] left -1340.7048664514555
[0, 1, 0, 0, 3, 0, 1, 1] right 135.72375249999996
[0, 1, 0, 0, 1, 2, 1, 1] left -115.96891772747307
[0, 1, 0, 0, 1, 0, 3, 1] left 145.525
[0, 1, 0, 0, 1, 0, 1, 3] left -500.0
[3, 1, 0, 0, 1, 0, 1, 1] check 250.0
[1, 3, 0, 0, 1, 0, 1, 1] right 197.5
[1, 1, 2, 0, 1, 0, 1, 1] right -257.945
[1, 1, 0, 2, 1, 0, 1, 1] right 129.979827445
[1, 1, 0, 0, 3, 0, 1, 1] left -397.9159475
[1, 1, 0, 0, 1, 2, 1, 1] left -755.36555
[1, 1, 0, 0, 1, 0, 3, 1] left -545.0
[1, 1, 0, 0, 1, 0, 1, 3] left 197.5
[2, 0, 1, 0, 1, 0, 1, 1] check 250.0
[0, 2, 1, 0, 1, 0, 1, 1] right 244.5
[0, 0, 3, 0, 1, 0, 1, 1] right -498.0
[0, 0, 1, 2, 1, 0, 1, 1] check -1790.4388939964554
[0, 0, 1, 0, 3, 0, 1, 1] right -1385.1399411430025
[0, 0, 1, 0, 1, 2, 1, 1] left 140.13445000000002
[0, 0, 1, 0, 1, 0, 3, 1] left 145.525
[0, 0, 1, 0, 1, 0, 1, 3] left -500.0
[3, 0, 1, 0, 1, 0, 1, 1] check 250.0
[1, 2, 1, 0, 1, 0, 1, 1] right 244.5
[1, 0, 3, 0, 1, 0, 1, 1] right -995.0
[1, 0, 1, 2, 1, 0, 1, 1] right 187.13445000000002
[1, 0, 1, 0, 3, 0, 1, 1] left -1393.7690062738038
[1, 0, 1, 0, 1, 2, 1, 1] left 37.84577444500002
[1, 0, 1, 0, 1, 0, 3, 1] left -57.22921564475004
[1, 0, 1, 0, 1, 0, 1, 3] left 197.5
[2, 1, 1, 0, 1, 0, 1, 1] check 250.0
[0, 3, 1, 0, 1, 0, 1, 1] right 197.5
[0, 1, 3, 0, 1, 0, 1, 1] left -20.128074761572492
[0, 1, 1, 2, 1, 0, 1, 1] right 140.13445000000002
[0, 1, 1, 0, 3, 0, 1, 1] left -64.81078723157249
[0, 1, 1, 0, 1, 2, 1, 1] left -352.3118945
[0, 1, 1, 0, 1, 0, 3, 1] left -304.475
[0, 1, 1, 0, 1, 0, 1, 3] left 197.5
[3, 1, 1, 0, 1, 0, 1, 1] check 250.0
[1, 3, 1, 0, 1, 0, 1, 1] right 197.5
[1, 1, 3, 0, 1, 0, 1, 1] right 145.525
[1, 1, 1, 2, 1, 0, 1, 1] check -957.9073564664554
[1, 1, 1, 0, 3, 0, 1, 1] left -360.80624750000004
[1, 1, 1, 0, 1, 2, 1, 1] left 140.13445000000002
[1, 1, 1, 0, 1, 0, 3, 1] left 43.1290525
[1, 1, 1, 0, 1, 0, 1, 3] left 197.5
[2, 0, 0, 1, 1, 0, 1, 1] check 250.0
[0, 2, 0, 1, 1, 0, 1, 1] right 244.5
[0, 0, 2, 1, 1, 0, 1, 1] right 239.055
[0, 0, 0, 3, 1, 0, 1, 1] right 187.59975
[0, 0, 0, 1, 3, 0, 1, 1] left 89.19375249999999
[0, 0, 0, 1, 1, 2, 1, 1] right 106.13172857245068
[0, 0, 0, 1, 1, 0, 3, 1] left -304.475
[0, 0, 0, 1, 1, 0, 1, 3] left 197.5
[3, 0, 0, 1, 1, 0, 1, 1] check 250.0
[1, 2, 0, 1, 1, 0, 1, 1] right 244.5
[1, 0, 2, 1, 1, 0, 1, 1] right 181.79780550000007
[1, 0, 0, 3, 1, 0, 1, 1] right 187.59975
[1, 0, 0, 1, 3, 0, 1, 1] right -1464.8739804865772
[1, 0, 0, 1, 1, 2, 1, 1] left 140.13445000000002
[1, 0, 0, 1, 1, 0, 3, 1] left -507.2292156447499
[1, 0, 0, 1, 1, 0, 1, 3] left 197.5
[2, 1, 0, 1, 1, 0, 1, 1] check 250.0
[0, 3, 0, 1, 1, 0, 1, 1] right 197.5
[0, 1, 2, 1, 1, 0, 1, 1] right 135.26310550000008
[0, 1, 0, 3, 1, 0, 1, 1] right 84.83181497499996
[0, 1, 0, 1, 3, 0, 1, 1] right -1079.1544999999999
[0, 1, 0, 1, 1, 2, 1, 1] right -1775.8251109664554
[0, 1, 0, 1, 1, 0, 3, 1] left -995.0
[0, 1, 0, 1, 1, 0, 1, 3] left 197.5
[3, 1, 0, 1, 1, 0, 1, 1] check 250.0
[1, 3, 0, 1, 1, 0, 1, 1] right 197.5
[1, 1, 2, 1, 1, 0, 1, 1] right 192.055
[1, 1, 0, 3, 1, 0, 1, 1] right 140.59974999999986
[1, 1, 0, 1, 3, 0, 1, 1] left 89.19375249999999
[1, 1, 0, 1, 1, 2, 1, 1] left -1293.3409948819124
[1, 1, 0, 1, 1, 0, 3, 1] left -545.0
[1, 1, 0, 1, 1, 0, 1, 3] left 197.5
[2, 0, 1, 1, 1, 0, 1, 1] check 250.0
[0, 2, 1, 1, 1, 0, 1, 1] right 244.5
[0, 0, 3, 1, 1, 0, 1, 1] left 126.11754982524985
[0, 0, 1, 3, 1, 0, 1, 1] right 141.06975
[0, 0, 1, 1, 3, 0, 1, 1] check -2002.8004281094154
[0, 0, 1, 1, 1, 2, 1, 1] left -309.86555
[0, 0, 1, 1, 1, 0, 3, 1] left -801.43025
[0, 0, 1, 1, 1, 0, 1, 3] left 197.5
[3, 0, 1, 1, 1, 0, 1, 1] check 250.0
[1, 2, 1, 1, 1, 0, 1, 1] left 244.5
[1, 0, 3, 1, 1, 0, 1, 1] right 80.98349682524996
[1, 0, 1, 3, 1, 0, 1, 1] right -68.5721712190381
[1, 0, 1, 1, 3, 0, 1, 1] right -12.081203174749987
[1, 0, 1, 1, 1, 2, 1, 1] left 140.13445000000002
[1, 0, 1, 1, 1, 0, 3, 1] left -304.475
[1, 0, 1, 1, 1, 0, 1, 3] left -500.0
[2, 1, 1, 1, 1, 0, 1, 1] check 250.0
[0, 3, 1, 1, 1, 0, 1, 1] right 197.5
[0, 1, 3, 1, 1, 0, 1, 1] right 89.6590525
[0, 1, 1, 3, 1, 0, 1, 1] left -400.310837417149
[0, 1, 1, 1, 3, 0, 1, 1] right 43.1290525
[0, 1, 1, 1, 1, 2, 1, 1] left 140.13445000000002
[0, 1, 1, 1, 1, 0, 3, 1] left 89.6590525
[0, 1, 1, 1, 1, 0, 1, 3] left 197.5
[3, 1, 1, 1, 1, 0, 1, 1] check 250.0
[1, 3, 1, 1, 1, 0, 1, 1] right 197.5
[1, 1, 3, 1, 1, 0, 1, 1] right 145.525
[1, 1, 1, 3, 1, 0, 1, 1] right -7.302238025000008
[1, 1, 1, 1, 3, 0, 1, 1] right -1129.507219826795
[1, 1, 1, 1, 1, 2, 1, 1] right -412.15422555500004
[1, 1, 1, 1, 1, 0, 3, 1] left 145.525
[1, 1, 1, 1, 1, 0, 1, 3] left 197.5
[2, 0, 0, 0, 0, 1, 1, 1] check 250.0
[0, 2, 0, 0, 0, 1, 1, 1] right 244.5
[0, 0, 2, 0, 0, 1, 1, 1] right 228.3278055
[0, 0, 0, 2, 0, 1, 1, 1] check -1938.869344933933
[0, 0, 0, 0, 2, 1, 1, 1] right -306.60213479945
[0, 0, 0, 0, 0, 3, 1, 1] left 94.06975
[0, 0, 0, 0, 0, 1, 3, 1] left 145.525
[0, 0, 0, 0, 0, 1, 1, 3] left -500.0
[3, 0, 0, 0, 0, 1, 1, 1] check 250.0
[1, 2, 0, 0, 0, 1, 1, 1] left -160.66545007277296
[1, 0, 2, 0, 0, 1, 1, 1] right -498.0
[1, 0, 0, 2, 0, 1, 1, 1] right 233.66445000000002
[1, 0, 0, 0, 2, 1, 1, 1] left -592.933654572773
[1, 0, 0, 0, 0, 3, 1, 1] check -1977.214000710885
[1, 0, 0, 0, 0, 1, 3, 1] left -995.0
[1, 0, 0, 0, 0, 1, 1, 3] left 197.5
[2, 1, 0, 0, 0, 1, 1, 1] check 250.0
[0, 3, 0, 0, 0, 1, 1, 1] right 197.5
[0, 1, 2, 0, 0, 1, 1, 1] right 192.055
[0, 1, 0, 2, 0, 1, 1, 1] right -803.095172555
[0, 1, 0, 0, 2, 1, 1, 1] left -1134.374257351441
[0, 1, 0, 0, 0, 3, 1, 1] right 75.32167432699744
[0, 1, 0, 0, 0, 1, 3, 1] left 145.525
[0, 1, 0, 0, 0, 1, 1, 3] left 197.5
[3, 1, 0, 0, 0, 1, 1, 1] check 250.0
[1, 3, 0, 0, 0, 1, 1, 1] right 197.5
[1, 1, 2, 0, 0, 1, 1, 1] left 192.05500000000006
[1, 1, 0, 2, 0, 1, 1, 1] right 186.66445000000002
[1, 1, 0, 0, 2, 1, 1, 1] check -872.733130534644
[1, 1, 0, 0, 0, 3, 1, 1] left 94.06975
[1, 1, 0, 0, 0, 1, 3, 1] right -452.80223802500007
[1, 1, 0, 0, 0, 1, 1, 3] left -500.0
[2, 0, 1, 0, 0, 1, 1, 1] check 250.0
[0, 2, 1, 0, 0, 1, 1, 1] right 244.5
[0, 0, 3, 0, 0, 1, 1, 1] right -1780.481788025
[0, 0, 1, 2, 0, 1, 1, 1] right 187.13445000000002
[0, 0, 1, 0, 2, 1, 1, 1] right 181.7978055
[0, 0, 1, 0, 0, 3, 1, 1] left -7.302238025000008
[0, 0, 1, 0, 0, 1, 3, 1] left -304.475
[0, 0, 1, 0, 0, 1, 1, 3] left 197.5
[3, 0, 1, 0, 0, 1, 1, 1] check 250.0
[1, 2, 1, 0, 0, 1, 1, 1] right 244.5
[1, 0, 3, 0, 0, 1, 1, 1] right 192.52499999999998
[1, 0, 1, 2, 0, 1, 1, 1] right 187.13445000000002
[1, 0, 1, 0, 2, 1, 1, 1] left 88.73310550000005
[1, 0, 1, 0, 0, 3, 1, 1] right -355.74318502500006
[1, 0, 1, 0, 0, 1, 3, 1] left 145.525
[1, 0, 1, 0, 0, 1, 1, 3] check -304.475
[2, 1, 1, 0, 0, 1, 1, 1] check 250.0
[0, 3, 1, 0, 0, 1, 1, 1] right -500.0
[0, 1, 3, 0, 0, 1, 1, 1] right 145.52500000000003
[0, 1, 1, 2, 0, 1, 1, 1] left 83.44982744500001
[0, 1, 1, 0, 2, 1, 1, 1] left 88.73310550000002
[0, 1, 1, 0, 0, 3, 1, 1] left 39.22776197499999
[0, 1, 1, 0, 0, 1, 3, 1] left 89.6590525
[0, 1, 1, 0, 0, 1, 1, 3] left 197.5
[3, 1, 1, 0, 0, 1, 1, 1] check 250.0
[1, 3, 1, 0, 0, 1, 1, 1] right 197.5
[1, 1, 3, 0, 0, 1, 1, 1] right 43.1290525
[1, 1, 1, 2, 0, 1, 1, 1] left -116.85837872114445
[1, 1, 1, 0, 2, 1, 1, 1] right -1033.0898
[1, 1, 1, 0, 0, 3, 1, 1] right -457.302238025
[1, 1, 1, 0, 0, 1, 3, 1] left -57.22921564475001
[1, 1, 1, 0, 0, 1, 1, 3] left 197.5
[2, 0, 0, 1, 0, 1, 1, 1] check 250.0
[0, 2, 0, 1, 0, 1, 1, 1] right 244.5
[0, 0, 2, 1, 0, 1, 1, 1] right 239.055
[0, 0, 0, 3, 0, 1, 1, 1] right 187.59975
[0, 0, 0, 1, 2, 1, 1, 1] right -1037.1245
[0, 0, 0, 1, 0, 3, 1, 1] left -457.302238025
[0, 0, 0, 1, 0, 1, 3, 1] left 145.525
[0, 0, 0, 1, 0, 1, 1, 3] left 197.5
[3, 0, 0, 1, 0, 1, 1, 1] check 250.0
[1, 2, 0, 1, 0, 1, 1, 1] right -500.0
[1, 0, 2, 1, 0, 1, 1, 1] right 239.055
[1, 0, 0, 3, 0, 1, 1, 1] left -494.2285956430025
[1, 0, 0, 1, 2, 1, 1, 1] right -2262.699460005926
[1, 0, 0, 1, 0, 3, 1, 1] left -893.8472380249998
[1, 0, 0, 1, 0, 1, 3, 1] left -995.0
[1, 0, 0, 1, 0, 1, 1, 3] left 197.5
[2, 1, 0, 1, 0, 1, 1, 1] check 250.0
[0, 3, 0, 1, 0, 1, 1, 1] right 197.5
[0, 1, 2, 1, 0, 1, 1, 1] right 192.055
[0, 1, 0, 3, 0, 1, 1, 1] right -993.02
[0, 1, 0, 1, 2, 1, 1, 1] left 88.73310550000002
[0, 1, 0, 1, 0, 3, 1, 1] check -461.16451564475005
[0, 1, 0, 1, 0, 1, 3, 1] left -995.0
[0, 1, 0, 1, 0, 1, 1, 3] left 197.5
[3, 1, 0, 1, 0, 1, 1, 1] check 250.0
[1, 3, 0, 1, 0, 1, 1, 1] right 197.5
[1, 1, 2, 1, 0, 1, 1, 1] right -995.0
[1, 1, 0, 3, 0, 1, 1, 1] left 140.59974999999997
[1, 1, 0, 1, 2, 1, 1, 1] right 33.071369700550036
[1, 1, 0, 1, 0, 3, 1, 1] left -7.302238025000008
[1, 1, 0, 1, 0, 1, 3, 1] left -545.0
[1, 1, 0, 1, 0, 1, 1, 3] left -500.0
[2, 0, 1, 1, 0, 1, 1, 1] check 250.0
[0, 2, 1, 1, 0, 1, 1, 1] right 244.5
[0, 0, 3, 1, 0, 1, 1, 1] right 192.525
[0, 0, 1, 3, 0, 1, 1, 1] right -1039.55
[0, 0, 1, 1, 2, 1, 1, 1] right -352.1661734328749
[0, 0, 1, 1, 0, 3, 1, 1] left -402.3709475
[0, 0, 1, 1, 0, 1, 3, 1] left 145.52500000000003
[0, 0, 1, 1, 0, 1, 1, 3] right 197.5
[3, 0, 1, 1, 0, 1, 1, 1] check 250.0
[1, 2, 1, 1, 0, 1, 1, 1] right 244.5
[1, 0, 3, 1, 0, 1, 1, 1] right 192.525
[1, 0, 1, 3, 0, 1, 1, 1] right 141.06975
[1, 0, 1, 1, 2, 1, 1, 1] right -361.26689450000003
[1, 0, 1, 1, 0, 3, 1, 1] left -589.55
[1, 0, 1, 1, 0, 1, 3, 1] left 145.52499999999998
[1, 0, 1, 1, 0, 1, 1, 3] left 197.5
[2, 1, 1, 1, 0, 1, 1, 1] check 250.0
[0, 3, 1, 1, 0, 1, 1, 1] right 197.5
[0, 1, 3, 1, 0, 1, 1, 1] left -122.90645616166145
[0, 1, 1, 3, 0, 1, 1, 1] right -1035.05
[0, 1, 1, 1, 2, 1, 1, 1] right 88.73310549999997
[0, 1, 1, 1, 0, 3, 1, 1] check -852.3709475
[0, 1, 1, 1, 0, 1, 3, 1] check -355.93025
[0, 1, 1, 1, 0, 1, 1, 3] left 197.5
[3, 1, 1, 1, 0, 1, 1, 1] check 250.0
[1, 3, 1, 1, 0, 1, 1, 1] right 197.5
[1, 1, 3, 1, 0, 1, 1, 1] right 145.525
[1, 1, 1, 3, 0, 1, 1, 1] left -1152.942904926698
[1, 1, 1, 1, 2, 1, 1, 1] left -802.3118945000001
[1, 1, 1, 1, 0, 3, 1, 1] left 94.06975
[1, 1, 1, 1, 0, 1, 3, 1] left 145.525
[1, 1, 1, 1, 0, 1, 1, 3] left 197.5
[2, 0, 0, 0, 1, 1, 1, 1] check 250.0
[0, 2, 0, 0, 1, 1, 1, 1] right 244.5
[0, 0, 2, 0, 1, 1, 1, 1] right 239.055
[0, 0, 0, 2, 1, 1, 1, 1] right -1201.3596808463685
[0, 0, 0, 0, 3, 1, 1, 1] left -1307.7533256730023
[0, 0, 0, 0, 1, 3, 1, 1] left -951.1719234883026
[0, 0, 0, 0, 1, 1, 3, 1] left 89.6590525
[0, 0, 0, 0, 1, 1, 1, 3] left 197.5
[3, 0, 0, 0, 1, 1, 1, 1] check 250.0
[1, 2, 0, 0, 1, 1, 1, 1] right 244.5
[1, 0, 2, 0, 1, 1, 1, 1] right 239.055
[1, 0, 0, 2, 1, 1, 1, 1] right -538.649202
[1, 0, 0, 0, 3, 1, 1, 1] left 43.12905250000006
[1, 0, 0, 0, 1, 3, 1, 1] left -749.4741651417388
[1, 0, 0, 0, 1, 1, 3, 1] left -995.0
[1, 0, 0, 0, 1, 1, 1, 3] left 197.5
[2, 1, 0, 0, 1, 1, 1, 1] check 250.0
[0, 3, 0, 0, 1, 1, 1, 1] check -304.47500000000014
[0, 1, 2, 0, 1, 1, 1, 1] right 192.055
[0, 1, 0, 2, 1, 1, 1, 1] right -263.33555
[0, 1, 0, 0, 3, 1, 1, 1] right -2307.7394391385697
[0, 1, 0, 0, 1, 3, 1, 1] left 94.06975
[0, 1, 0, 0, 1, 1, 3, 1] left -304.475
[0, 1, 0, 0, 1, 1, 1, 3] left 197.5
[3, 1, 0, 0, 1, 1, 1, 1] check 250.0
[1, 3, 0, 0, 1, 1, 1, 1] right 197.5
[1, 1, 2, 0, 1, 1, 1, 1] left 192.055
[1, 1, 0, 2, 1, 1, 1, 1] right -305.36555
[1, 1, 0, 0, 3, 1, 1, 1] left -1255.705934418545
[1, 1, 0, 0, 1, 3, 1, 1] left 94.06974999999994
[1, 1, 0, 0, 1, 1, 3, 1] left 145.525
[1, 1, 0, 0, 1, 1, 1, 3] left 197.5
[2, 0, 1, 0, 1, 1, 1, 1] check 250.0
[0, 2, 1, 0, 1, 1, 1, 1] right 244.5
[0, 0, 3, 0, 1, 1, 1, 1] right 182.72375249999996
[0, 0, 1, 2, 1, 1, 1, 1] right -309.86555
[0, 0, 1, 0, 3, 1, 1, 1] left -1042.1353542534193
[0, 0, 1, 0, 1, 3, 1, 1] left 32.01182951169744
[0, 0, 1, 0, 1, 1, 3, 1] left -587.1244999999999
[0, 0, 1, 0, 1, 1, 1, 3] left 197.5
[3, 0, 1, 0, 1, 1, 1, 1] check 250.0
[1, 2, 1, 0, 1, 1, 1, 1] right 244.5
[1, 0, 3, 0, 1, 1, 1, 1] right 192.525
[1, 0, 1, 2, 1, 1, 1, 1] right -258.36555
[1, 0, 1, 0, 3, 1, 1, 1] left -489.49742014475
[1, 0, 1, 0, 1, 3, 1, 1] left -1035.05
[1, 0, 1, 0, 1, 1, 3, 1] left -350.9159475
[1, 0, 1, 0, 1, 1, 1, 3] left 197.5
[2, 1, 1, 0, 1, 1, 1, 1] check 250.0
[0, 3, 1, 0, 1, 1, 1, 1] right 197.5
[0, 1, 3, 0, 1, 1, 1, 1] right 145.525
[0, 1, 1, 2, 1, 1, 1, 1] right -1298.6992255549999
[0, 1, 1, 0, 3, 1, 1, 1] left -626.7269804166219
[0, 1, 1, 0, 1, 3, 1, 1] left -589.55
[0, 1, 1, 0, 1, 1, 3, 1] left 145.525
[0, 1, 1, 0, 1, 1, 1, 3] left 197.5
[3, 1, 1, 0, 1, 1, 1, 1] check 250.0
[1, 3, 1, 0, 1, 1, 1, 1] right 197.5
[1, 1, 3, 0, 1, 1, 1, 1] right 145.525
[1, 1, 1, 2, 1, 1, 1, 1] right -309.86555
[1, 1, 1, 0, 3, 1, 1, 1] right -1785.2607531747499
[1, 1, 1, 0, 1, 3, 1, 1] left 94.06975
[1, 1, 1, 0, 1, 1, 3, 1] right -529.846701751903
[1, 1, 1, 0, 1, 1, 1, 3] left 197.5
[2, 0, 0, 1, 1, 1, 1, 1] check 250.0
[0, 2, 0, 1, 1, 1, 1, 1] check -257.945
[0, 0, 2, 1, 1, 1, 1, 1] right -475.5042045997935
[0, 0, 0, 3, 1, 1, 1, 1] right -309.30624750000015
[0, 0, 0, 1, 3, 1, 1, 1] left 43.1290525
[0, 0, 0, 1, 1, 3, 1, 1] left -351.43025
[0, 0, 0, 1, 1, 1, 3, 1] left -459.09222348830247
[0, 0, 0, 1, 1, 1, 1, 3] left 197.5
[3, 0, 0, 1, 1, 1, 1, 1] check 250.0
[1, 2, 0, 1, 1, 1, 1, 1] right 244.5
[1, 0, 2, 1, 1, 1, 1, 1] right -498.0
[1, 0, 0, 3, 1, 1, 1, 1] right 187.59975
[1, 0, 0, 1, 3, 1, 1, 1] left -489.4974201447501
[1, 0, 0, 1, 1, 3, 1, 1] right 32.4771295116975
[1, 0, 0, 1, 1, 1, 3, 1] left 43.1290525
[1, 0, 0, 1, 1, 1, 1, 3] left -801.4302499999999
[2, 1, 0, 1, 1, 1, 1, 1] check 250.0
[0, 3, 0, 1, 1, 1, 1, 1] right 197.5
[0, 1, 2, 1, 1, 1, 1, 1] right 79.60136970054998
[0, 1, 0, 3, 1, 1, 1, 1] right 140.59974999999997
[0, 1, 0, 1, 3, 1, 1, 1] left -843.4159475
[0, 1, 0, 1, 1, 3, 1, 1] left -2020.4610407039513
[0, 1, 0, 1, 1, 1, 3, 1] left -995.0
[0, 1, 0, 1, 1, 1, 1, 3] left 197.5
[3, 1, 0, 1, 1, 1, 1, 1] check 250.0
[1, 3, 0, 1, 1, 1, 1, 1] right 197.5
[1, 1, 2, 1, 1, 1, 1, 1] right -257.945
[1, 1, 0, 3, 1, 1, 1, 1] right -848.2431850250001
[1, 1, 0, 1, 3, 1, 1, 1] left -57.22921564475007
[1, 1, 0, 1, 1, 3, 1, 1] left -397.9159475
[1, 1, 0, 1, 1, 1, 3, 1] left 145.52499999999998
[1, 1, 0, 1, 1, 1, 1, 3] left 197.5
[2, 0, 1, 1, 1, 1, 1, 1] check 250.0
[0, 2, 1, 1, 1, 1, 1, 1] right 244.5
[0, 0, 3, 1, 1, 1, 1, 1] right 192.525
[0, 0, 1, 3, 1, 1, 1, 1] right -909.8908269923717
[0, 0, 1, 1, 3, 1, 1, 1] right -17.377641783419477
[0, 0, 1, 1, 1, 3, 1, 1] left 94.06975
[0, 0, 1, 1, 1, 1, 3, 1] check -2122.288670473292
[0, 0, 1, 1, 1, 1, 1, 3] left -500.0
[3, 0, 1, 1, 1, 1, 1, 1] check 250.0
[1, 2, 1, 1, 1, 1, 1, 1] right 244.5
[1, 0, 3, 1, 1, 1, 1, 1] right -995.0
[1, 0, 1, 3, 1, 1, 1, 1] right -271.76782979553735
[1, 0, 1, 1, 3, 1, 1, 1] left 43.1290525
[1, 0, 1, 1, 1, 3, 1, 1] left -589.55
[1, 0, 1, 1, 1, 1, 3, 1] left 145.525
[1, 0, 1, 1, 1, 1, 1, 3] left -500.0
[2, 1, 1, 1, 1, 1, 1, 1] check 250.0
[0, 3, 1, 1, 1, 1, 1, 1] right -500.0
[0, 1, 3, 1, 1, 1, 1, 1] left 145.52499999999998
[0, 1, 1, 3, 1, 1, 1, 1] left -106.65692348830251
[0, 1, 1, 1, 3, 1, 1, 1] left -397.9159474999999
[0, 1, 1, 1, 1, 3, 1, 1] left 94.06975
[0, 1, 1, 1, 1, 1, 3, 1] right -910.2993391541809
[0, 1, 1, 1, 1, 1, 1, 3] left 197.5
[3, 1, 1, 1, 1, 1, 1, 1] check 250.0
[1, 3, 1, 1, 1, 1, 1, 1] right 197.5
[1, 1, 3, 1, 1, 1, 1, 1] right 145.525
[1, 1, 1, 3, 1, 1, 1, 1] right -7.302238025000001
[1, 1, 1, 1, 3, 1, 1, 1] left -57.22921564475001
[1, 1, 1, 1, 1, 3, 1, 1] left 94.06975
[1, 1, 1, 1, 1, 1, 3, 1] left 145.525
[1, 1, 1, 1, 1, 1, 1, 3] left 197.5
